 250 151  299 294
 215 354  274 466
 568 320  607 433
 829 180  881 321
0 0 0 0
 258 281  324 457
 339 281  400 459
0 0 0 0
 304 261  455 761
0 0 0 0
 519 276  676 676
 310 261  450 597
 853 277  994 769
0 0 0 0
 367 246  467 629
 291 234  381 479
 533 258  663 645
0 0 0 0
 486 222  653 765
 292 251  425 729
0 0 0 0
 194 176  256 418
 262 182  314 375
 372 181  433 368
 419 159  475 344
 492 170  558 382
 550 181  605 384
0 0 0 0
 559 217  730 795
 928 175  975 373
 978 181  1020 338
0 0 0 0
 233 220  354 536
 24 233  95 420
0 0 0 0
 755 325  847 645
 638 340  707 538
 405 343  474 538
 213 342  285 554
 964 339  1015 500
0 0 0 0
 385 262  535 776
 229 221  381 793
0 0 0 0
 425 225  555 701
0 0 0 0
 546 202  630 647
 414 213  547 657
0 0 0 0
 533 248  628 582
0 0 0 0
 305 350  370 565
 155 173  227 384
 451 355  535 579
 747 357  814 533
 527 62  576 193
0 0 0 0
 105 131  226 434
 233 292  302 438
0 0 0 0
 238 277  306 562
 321 292  407 561
 589 259  672 560
 791 271  901 562
 510 267  587 538
0 0 0 0
 203 212  296 487
0 0 0 0
 708 142  950 906
0 0 0 0
 326 241  378 427
 406 218  457 431
 488 223  556 446
 246 241  303 423
 624 229  690 437
0 0 0 0
 294 334  450 878
0 0 0 0
 317 205  412 527
0 0 0 0
 302 163  394 501
 200 150  281 507
 414 148  471 395
 501 123  573 397
 570 146  619 386
 632 131  690 393
 695 145  747 399
 746 142  797 402
 797 131  887 406
 997 243  1063 411
0 0 0 0
 283 264  352 471
 196 273  256 477
0 0 0 0
 807 381  895 660
 334 315  447 592
 905 297  985 581
0 0 0 0
 220 171  319 459
0 0 0 0
 609 287  752 789
 439 318  591 790
 810 275  902 704
 761 293  817 465
0 0 0 0
 549 177  710 717
 91 219  284 772
 759 199  959 791
0 0 0 0
 601 228  713 731
 538 185  633 718
 275 224  432 690
0 0 0 0
 331 202  436 497
0 0 0 0
 304 222  461 696
0 0 0 0
 374 189  434 378
 304 185  366 385
 234 192  293 379
0 0 0 0
 636 228  711 468
0 0 0 0
 305 312  418 671
0 0 0 0
 426 239  526 584
 278 240  486 593
0 0 0 0
 671 323  723 448
 637 324  683 449
 271 312  330 472
 229 313  292 479
0 0 0 0
 769 232  905 571
 580 252  676 555
 417 251  521 550
 178 238  293 540
 292 226  422 547
0 0 0 0
 612 376  731 775
 787 429  903 768
 419 413  563 689
 244 396  385 767
 210 202  323 557
 949 477  1040 779
 883 556  962 811
0 0 0 0
 203 174  287 470
 283 194  383 464
 553 164  655 462
 696 167  768 400
 779 169  872 426
0 0 0 0
 216 170  316 507
 350 150  451 475
0 0 0 0
 244 98  306 232
0 0 0 0
 598 177  767 898
 966 294  1028 523
0 0 0 0
 444 277  601 794
 102 315  228 785
 800 78  844 219
0 0 0 0
 740 105  961 893
0 0 0 0
 393 259  509 647
 476 212  588 672
0 0 0 0
 222 257  306 557
 46 240  157 542
0 0 0 0
 503 359  593 570
 617 381  717 681
 829 399  918 688
 913 388  982 575
0 0 0 0
 360 379  458 741
 454 368  545 742
 753 424  849 736
 855 444  960 746
 946 451  1045 746
 148 422  179 521
 166 419  206 517
0 0 0 0
 244 280  394 802
 134 345  267 839
0 0 0 0
 373 181  453 430
0 0 0 0
 215 152  276 338
 80 156  154 438
 156 69  182 141
 127 70  155 133
0 0 0 0
 201 207  254 394
 173 211  219 382
0 0 0 0
 142 66  340 646
0 0 0 0
 110 80  214 469
0 0 0 0
 316 37  434 440
0 0 0 0
 141 53  239 347
0 0 0 0
 171 72  260 321
 35 60  155 320
0 0 0 0
 145 91  390 626
0 0 0 0
 530 113  742 581
0 0 0 0
 475 68  621 709
0 0 0 0
 303 68  478 655
0 0 0 0
 151 143  373 626
0 0 0 0
 194 118  363 626
0 0 0 0
 190 104  479 647
0 0 0 0
 581 83  755 662
0 0 0 0
 513 63  684 718
0 0 0 0
 254 64  460 602
0 0 0 0
 413 82  624 667
0 0 0 0
 261 71  386 505
0 0 0 0
 289 49  469 533
0 0 0 0
 467 80  648 565
0 0 0 0
 184 111  346 616
0 0 0 0
 294 75  530 663
0 0 0 0
 135 274  239 500
 332 151  467 446
 512 168  610 507
 709 93  836 531
0 0 0 0
 429 40  636 666
 65 41  219 602
0 0 0 0
 155 65  224 306
 288 44  374 286
 79 56  156 307
0 0 0 0
 139 107  244 480
0 0 0 0
 166 114  324 569
0 0 0 0
 173 74  322 598
0 0 0 0
 212 151  304 566
 40 241  82 326
0 0 0 0
 162 155  305 503
0 0 0 0
 212 198  280 471
0 0 0 0
 190 218  330 524
0 0 0 0
 159 115  324 569
 36 109  75 221
0 0 0 0
 200 191  284 398
0 0 0 0
 158 51  336 635
0 0 0 0
 144 68  322 635
0 0 0 0
 80 85  253 602
0 0 0 0
 116 54  277 633
0 0 0 0
 152 54  332 631
0 0 0 0
 142 119  312 635
0 0 0 0
 116 53  290 630
0 0 0 0
 191 83  371 586
0 0 0 0
 230 229  321 539
0 0 0 0
 217 200  346 534
0 0 0 0
 196 232  270 413
0 0 0 0
 172 152  309 490
0 0 0 0
 282 104  405 436
0 0 0 0
 293 114  363 438
0 0 0 0
 291 121  398 426
0 0 0 0
 273 144  389 470
0 0 0 0
 297 76  415 434
0 0 0 0
 319 132  398 380
0 0 0 0
 305 127  396 411
0 0 0 0
 387 154  507 428
0 0 0 0
 313 173  405 414
0 0 0 0
 252 131  357 471
0 0 0 0
 261 125  352 456
0 0 0 0
 217 138  313 413
0 0 0 0
 197 71  314 429
0 0 0 0
 287 201  410 423
0 0 0 0
 262 183  337 355
0 0 0 0
 264 133  386 437
0 0 0 0
 233 157  374 559
 139 176  228 498
0 0 0 0
 226 187  339 551
0 0 0 0
 157 128  296 551
 352 138  408 327
 310 135  370 318
 402 147  454 317
0 0 0 0
 181 169  304 484
0 0 0 0
 225 164  322 528
0 0 0 0
 192 123  327 534
0 0 0 0
 254 138  388 530
 102 136  226 519
0 0 0 0
 173 127  336 567
0 0 0 0
 150 98  333 578
 336 123  407 301
0 0 0 0
 370 43  445 266
 339 67  384 254
 192 97  341 536
0 0 0 0
 287 98  451 536
 41 127  153 506
 127 145  239 511
0 0 0 0
 194 128  334 558
0 0 0 0
 141 222  246 474
 323 225  400 469
0 0 0 0
 153 198  276 514
 277 208  387 505
 270 179  307 260
0 0 0 0
 216 125  356 503
 113 124  235 491
0 0 0 0
 220 107  404 604
 58 198  207 598
0 0 0 0
 266 133  373 557
 42 79  178 578
 150 103  253 526
0 0 0 0
 184 208  252 390
 133 216  191 388
0 0 0 0
 242 163  355 439
 154 180  273 463
0 0 0 0
 207 224  283 462
0 0 0 0
 333 78  451 402
 242 113  334 402
 125 86  155 165
 94 87  121 160
 150 91  176 165
0 0 0 0
 380 182  433 327
 455 177  512 330
 286 182  342 332
 234 181  283 324
 196 182  253 329
 98 207  154 336
 271 196  307 321
0 0 0 0
 219 124  345 444
 327 107  447 439
 485 91  523 201
 416 89  457 194
 140 102  163 171
0 0 0 0
 319 141  389 393
 257 157  321 396
 172 142  262 396
0 0 0 0
 322 130  401 384
 219 142  315 395
0 0 0 0
 305 85  365 301
 209 92  284 304
 152 100  215 303
 108 65  188 287
 380 124  429 293
0 0 0 0
 175 72  303 373
 338 63  435 368
 487 45  564 372
0 0 0 0
 203 185  258 334
 262 181  311 321
 303 156  377 346
 369 179  432 341
 445 169  511 320
0 0 0 0
 271 103  387 439
0 0 0 0
 247 148  340 390
0 0 0 0
 247 172  334 389
 337 162  414 384
0 0 0 0
 262 170  328 341
 208 179  268 340
 352 182  404 356
 413 188  474 372
 461 218  509 362
 2 194  40 279
0 0 0 0
 260 121  375 429
 353 132  434 411
0 0 0 0
 259 145  334 367
 121 126  211 362
 348 140  473 418
 427 123  525 366
0 0 0 0
 402 172  472 387
 475 179  546 366
 328 184  391 363
 219 173  264 296
 184 181  220 298
 263 201  305 293
0 0 0 0
 176 147  275 427
 322 158  411 382
 560 160  611 281
 424 188  477 295
0 0 0 0
 258 187  325 358
 349 176  408 353
 398 175  460 338
 312 197  356 355
0 0 0 0
 183 82  305 446
 318 103  429 431
0 0 0 0
 75 218  113 351
 102 195  145 338
 171 196  210 342
 189 201  230 344
 221 203  267 351
 247 197  299 355
 303 197  350 354
 360 210  414 351
 414 195  465 351
 445 206  492 345
 329 212  373 343
 477 218  524 350
 512 195  557 292
 556 198  602 295
 597 196  637 307
 140 197  175 330
0 0 0 0
 89 70  181 318
 235 160  324 393
 321 98  464 407
 503 95  566 281
 447 103  489 215
 559 121  636 396
0 0 0 0
 307 178  397 449
0 0 0 0
 305 168  361 324
 185 173  235 316
 279 227  323 333
 246 186  300 298
 417 181  482 411
 98 181  145 331
0 0 0 0
 256 155  333 398
 331 142  408 394
 473 139  524 259
0 0 0 0
 302 166  366 356
0 0 0 0
 352 126  433 458
 214 137  307 389
0 0 0 0
 238 214  328 445
 52 192  112 394
 157 195  217 378
 432 182  509 389
 371 194  426 392
0 0 0 0
 217 103  343 475
 333 134  416 394
0 0 0 0
 170 84  265 451
 402 69  503 441
 324 80  395 283
0 0 0 0
 412 127  524 449
 251 124  375 440
 146 135  219 322
 115 153  142 238
 228 140  259 234
0 0 0 0
 312 138  396 406
 206 153  264 321
 93 141  157 312
 146 184  197 321
 442 156  495 337
 482 170  524 358
 530 153  607 363
 98 208  142 320
0 0 0 0
 277 89  404 458
 193 26  296 443
0 0 0 0
 258 144  316 386
 317 153  396 375
0 0 0 0
 256 128  380 433
 370 174  485 432
0 0 0 0
 216 182  292 422
 282 178  356 419
 414 169  488 414
 468 168  538 415
0 0 0 0
 221 102  344 460
 369 100  465 408
 125 98  209 406
0 0 0 0
 323 78  469 448
 206 77  331 434
 473 91  524 270
0 0 0 0
 215 149  305 389
 406 158  479 384
0 0 0 0
 284 134  381 451
 172 127  283 459
 63 129  166 422
 8 188  60 342
 345 159  428 404
0 0 0 0
 70 76  168 391
 301 189  379 393
 390 168  469 394
 490 178  565 394
0 0 0 0
 41 66  170 471
 182 59  275 472
 298 49  440 468
 441 41  550 439
0 0 0 0
 245 162  357 404
 334 145  400 334
 457 158  504 304
 498 151  548 302
0 0 0 0
 253 136  350 422
 82 139  131 232
0 0 0 0
 293 152  427 438
0 0 0 0
 257 103  367 403
 171 112  228 259
 114 118  167 260
0 0 0 0
 371 134  470 431
 244 146  353 476
 144 149  223 390
 476 121  524 282
 202 127  265 346
 112 114  179 331
0 0 0 0
 254 147  358 428
 155 136  252 457
 424 165  456 256
0 0 0 0
 183 128  249 395
 480 111  589 443
0 0 0 0
 335 204  411 394
 473 188  524 330
 518 186  577 333
0 0 0 0
 323 193  422 475
 279 210  350 456
0 0 0 0
 324 147  404 385
 190 160  296 395
 180 137  215 216
0 0 0 0
 212 109  299 368
 304 124  369 351
0 0 0 0
 251 107  384 419
 130 77  260 417
0 0 0 0
 218 120  332 400
 126 117  235 388
0 0 0 0
 263 158  359 378
 233 159  263 273
 172 144  227 274
0 0 0 0
 367 104  460 376
 280 128  382 376
 121 126  152 222
 74 133  104 208
0 0 0 0
 312 181  386 397
 186 145  244 354
 73 138  134 315
 143 165  188 312
 253 154  343 353
0 0 0 0
 254 118  361 398
 423 162  516 365
 360 141  385 219
0 0 0 0
 144 77  240 469
 40 79  146 473
 275 95  397 463
 510 113  581 439
0 0 0 0
 126 19  337 636
0 0 0 0
 198 61  331 404
 88 49  132 155
0 0 0 0
 213 83  304 429
 344 81  450 431
 5 71  67 227
0 0 0 0
 301 73  438 375
 545 98  578 185
0 0 0 0
 299 136  380 325
 238 119  308 326
0 0 0 0
 474 117  521 237
 443 126  473 227
 253 135  358 420
 332 123  363 189
 378 116  401 176
 394 112  422 173
0 0 0 0
 571 120  610 265
 204 153  304 468
0 0 0 0
 172 142  248 417
 264 131  344 410
0 0 0 0
 307 131  376 330
 70 125  142 276
 449 118  620 460
 273 126  327 289
0 0 0 0
 299 46  418 397
0 0 0 0
 311 39  412 388
0 0 0 0
 278 71  403 375
0 0 0 0
 180 35  351 458
0 0 0 0
 202 44  354 369
0 0 0 0
 292 56  392 404
0 0 0 0
 212 47  328 396
0 0 0 0
 297 36  418 395
0 0 0 0
 253 34  446 469
0 0 0 0
 267 80  399 417
0 0 0 0
 265 29  409 443
0 0 0 0
 249 20  366 449
0 0 0 0
 208 54  371 425
0 0 0 0
 223 65  346 396
0 0 0 0
 291 37  433 390
0 0 0 0
 243 47  361 397
0 0 0 0
 182 49  275 402
0 0 0 0
 259 52  358 403
0 0 0 0
 244 33  381 407
0 0 0 0
 280 45  429 441
0 0 0 0
 271 40  402 428
0 0 0 0
 242 44  432 435
0 0 0 0
 210 37  422 406
0 0 0 0
 205 36  323 318
0 0 0 0
 242 40  354 397
0 0 0 0
 230 51  381 372
0 0 0 0
 289 38  404 453
0 0 0 0
 238 53  345 412
0 0 0 0
 262 51  391 475
0 0 0 0
 384 46  494 414
0 0 0 0
 233 47  333 443
0 0 0 0
 319 40  411 385
 144 25  219 254
0 0 0 0
 376 25  465 342
0 0 0 0
 287 51  409 449
0 0 0 0
 378 41  518 475
0 0 0 0
 280 40  421 469
0 0 0 0
 299 31  434 418
0 0 0 0
 237 33  394 457
0 0 0 0
 285 51  429 475
0 0 0 0
 266 70  430 476
0 0 0 0
 278 56  432 441
0 0 0 0
 269 21  429 432
0 0 0 0
 301 53  443 449
0 0 0 0
 208 50  360 391
0 0 0 0
 137 57  229 410
0 0 0 0
 164 35  366 385
0 0 0 0
 229 35  407 362
0 0 0 0
 245 42  372 377
0 0 0 0
 237 51  373 394
0 0 0 0
 179 52  315 400
0 0 0 0
 201 41  335 388
0 0 0 0
 285 19  459 475
0 0 0 0
 195 12  410 424
0 0 0 0
 209 9  411 417
0 0 0 0
 223 10  395 374
0 0 0 0
 203 49  387 381
0 0 0 0
 236 35  358 415
0 0 0 0
 275 31  444 371
0 0 0 0
 264 60  480 443
0 0 0 0
 240 43  416 385
0 0 0 0
 239 47  416 398
0 0 0 0
 209 37  412 447
0 0 0 0
 189 5  406 371
0 0 0 0
 187 38  372 379
0 0 0 0
 272 2  407 385
0 0 0 0
 200 16  467 382
0 0 0 0
 190 0  381 370
0 0 0 0
 180 1  354 394
0 0 0 0
 235 46  394 452
0 0 0 0
 274 139  373 406
 355 140  454 412
 106 134  175 292
 528 149  558 231
0 0 0 0
 255 118  355 402
 351 141  430 405
0 0 0 0
 382 153  455 368
 326 159  393 379
 202 170  277 359
 111 165  186 359
0 0 0 0
 250 146  339 382
0 0 0 0
 221 52  334 427
0 0 0 0
 204 176  304 446
0 0 0 0
 386 145  466 416
0 0 0 0
 258 61  400 452
0 0 0 0
 264 39  423 469
0 0 0 0
 233 49  383 418
0 0 0 0
 230 55  389 431
0 0 0 0
 163 35  315 443
0 0 0 0
 215 37  390 444
0 0 0 0
 230 37  383 364
0 0 0 0
 69 128  289 597
0 0 0 0
 250 180  327 405
 317 184  408 396
0 0 0 0
 336 184  408 365
 288 188  327 278
0 0 0 0
 224 90  385 470
0 0 0 0
 211 144  308 370
 283 127  390 384
