250.111 149.333 53.2778 160.222
564.529 322.559 37.7353 113.265
828.318 171.091 55.3636 166.273
 0      0      0      0
336.451 283.424 61.5093 184.679
300.333 286.333 45 135
254.362 260.138 71.4828 213.379
 0      0      0      0
494 30.2857 36 108
291.149 287.793 169.253 507.138
 0      0      0      0
369.125 143.25 45 135
324.374 277.886 117.847 354.94
525.583 286.23 146.784 442.403
828.475 261.746 183.525 553.559
 0      0      0      0
566.333 183 45 135
548.085 259.683 122.167 366.149
289.29 212.991 96.785 290.243
351.071 251.567 134.936 404.054
 0      0      0      0
142.222 508 36 108
422.716 214.091 204.739 613.75
275 240.778 172.778 518.222
 0      0      0      0
357.428 160.251 86.2254 259.627
240.375 172.359 82.2675 247.629
193.498 197.234 78.3082 235.475
656 269 70 212
396 119 88 265.667
517 236 88 266
461.4 116 110 332
 0      0      0      0
539.25 257.667 37.125 111.375
969.667 189.208 57.375 171.458
914.727 157.13 77.8182 233.156
553.651 200.279 201.435 600.487
 0      0      0      0
32 183.333 36 108
99 211 36 108
110.5 136.75 45 135
24.6087 223.609 72.5217 218.957
252.399 224.292 93.2857 280.93
497.84 166.36 153.24 463.44
 0      0      0      0
947.067 307.933 72.6667 219.333
615.133 319.111 97.5333 291.911
397.816 322.776 84.3061 253.429
195.1 317.113 107.025 321.15
739.759 318.414 126.494 380.034
 0      0      0      0
203 266.714 159 474
338.19 182.952 215 641.81
 0      0      0      0
353.75 302.25 56 169
391.86 241.105 169.359 508.335
311.2 375.8 110 330.6
 0      0      0      0
524.326 234.761 128.163 387.554
394 211.333 168.111 508.889
 0      0      0      0
634.333 412.167 36 108
26.75 168.25 45 135
503.032 288.258 110.839 332.419
 0      0      0      0
149.841 165.477 85.2273 256.727
449.609 348.195 87.2188 262.445
746 369.6 70 211.8
 0      0      0      0
242.077 287.731 53.3846 160.385
112 122.2 111 331.6
 0      0      0      0
606 222 36 108
228.749 309.432 93.9912 281.754
591.711 296.211 99.3355 297.997
322.531 288.247 93.4444 280.358
498.529 259.059 104.882 314.647
780.711 212.844 128.944 386.244
 0      0      0      0
179.885 167.692 119.077 355.5
 0      0      0      0
878 614 45 135
781.8 261.4 65.4 194.2
749.286 602.429 110 330
 0      0      0      0
274 233.527 58.5727 175.764
257.29 256.581 46.6774 140.065
392.816 217.303 69.0886 207.142
313.432 228.118 70.3227 210.645
361 227 70 211.333
620.316 216.395 79.7895 238.316
 0      0      0      0
267.12 295.6 200.04 596.16
 0      0      0      0
60 270.667 36 108
316.289 232.367 103.8 310.778
 0      0      0      0
460 247.5 36 108
123.917 259.333 36.75 110.25
502.568 163.13 85.6986 258.205
549.767 202.767 66.863 200.644
724.605 148.412 91.4211 275.728
793.643 127.482 98.75 297.411
605.863 147.421 88.106 265
385.282 143.769 90.3077 271.897
654.583 144.5 88.1667 265
993 206 88 265
180.987 185.234 111.442 336.052
841.484 102.323 110 332.194
289.754 140.049 129.82 391.443
 0      0      0      0
285.698 273.075 69.7358 210.151
494.889 359.722 56.6111 168.889
192.824 267.794 71.0588 214.324
 0      0      0      0
893.113 294.765 91.7826 275.861
827.567 409.134 89.6039 269.37
796.667 385.667 76 229
342.865 308.027 100.486 302.054
 0      0      0      0
 0      0      0      0
834.909 248.545 70 211
228 36.2222 110.444 331.444
659.23 257.641 198.823 594.892
467.348 295.64 191.154 571.938
588.747 262.444 196.965 588.911
 0      0      0      0
709.108 170.446 203.608 612.588
555.834 214.866 154.06 463.597
487 214 161.882 486.882
95.1697 271.114 182.051 547.54
 0      0      0      0
612.6 108 36 108
485 133 45 135
741.875 231 45 135
954.5 44.8333 56.8333 168.667
292.111 185.5 181.833 547.056
509.8 181.84 193.44 581.4
 0      0      0      0
332.099 182.507 115.451 346.831
 0      0      0      0
323.153 262.724 158.918 478.418
 0      0      0      0
233.365 199.643 63.3255 189.443
297.677 183.636 72.5239 217.773
361.333 167.278 80.8611 241.542
 0      0      0      0
633.855 220.065 87.129 262.597
 0      0      0      0
307.836 313.449 113.712 341.231
 0      0      0      0
113 407 56 169
358 168.333 173 517
 0      0      0      0
987.667 159.667 36 108
692.417 185.208 36 108
154 387 36 108
670.133 301.6 56.6667 169
637.333 310.778 56.2222 169
 0      0      0      0
81.1667 265.167 36 108
996.4 272.4 45 135
292.5 200 56 169
917 291.667 56 168.667
593.32 301.34 100.86 302.7
159.75 289 88 264.75
419.287 230.733 112.298 337.696
318.4 229.4 110.5 332
199.6 233 110.2 332
771.88 212.88 131.36 396.28
 0      0      0      0
873.7 613.4 63.1 189.9
615.022 423.217 126.109 378.326
793.412 463.813 109.691 329.861
194.88 183.52 129.04 388.04
937.857 471.143 110 331
215.103 305.241 169.103 507.517
291 159 217 648
 0      0      0      0
340 88 36 108
192.4 169.4 39.6 118.8
748.667 177.333 52.3333 157.667
294.332 222.859 85.9293 257.387
203.928 204.333 95.7101 286.899
689.091 176.145 82.1091 246.309
768.933 168.133 93.6222 280.222
548.06 135.84 120.2 359.88
 0      0      0      0
334.678 122.893 128.765 387.973
218.191 171.128 107.766 322.894
 0      0      0      0
255.906 91.717 49.1321 148.208
 0      0      0      0
1069 574 56 168.667
511.5 497.821 90.4286 271.75
640 161 88.75 265
417.429 330.81 147.048 441.286
778.125 228 142.375 427.375
597.571 353.429 173 518.429
 0      0      0      0
292 10.6667 36 108
235.429 17.1429 36 108
231.4 75 36 108
98 130 36 108
256.286 184.857 36 108
470.667 164 56.3333 169
518.917 310.125 85.75 257.917
67.1481 295.162 174.995 525.468
395.256 301.674 172.395 518.349
 0      0      0      0
613.625 195.5 36.5625 109.688
606.306 326.75 44.4375 133.313
538 381 36 108
294.5 761.167 50 149
1058.61 470.118 99.3529 298.471
720.6 151.2 220.32 660.96
 0      0      0      0
447.523 174.721 184.319 551.579
370.385 181.538 170.385 510.077
 0      0      0      0
46.6099 242.236 109.462 328.495
199.901 200.188 126.317 379.04
 0      0      0      0
852.4 190.8 36 108
918.123 389.32 58.918 177.32
509.525 380.476 70.3775 212.065
814.053 396.262 110.89 333.666
608.927 337.281 126.406 379.969
 0      0      0      0
144.667 413.514 38.375 115.125
171.041 418.061 36.551 109.653
320.944 528.972 63.5833 190.722
364.333 540.611 67 201.778
447.4 10.2 70 211.8
743.643 394.204 131.595 395.846
921.003 452.451 115.176 346.955
420.4 336.529 146.257 440.457
852.983 420.672 122.716 369.988
 0      0      0      0
827 306.667 138 414.667
214.818 336.295 171.159 513.136
100.625 338 172.375 518.5
 0      0      0      0
371.89 190.262 73.1667 220.459
 0      0      0      0
214.875 146.125 68.5417 204.667
81.9412 164.765 82.4559 248.309
 0      0      0      0
168.522 217.783 53.7391 160.391
200.418 207.164 61.7455 186.582
 0      0      0      0
161.2 272.6 84.8 253.6
 0      0      0      0
93.1538 106.865 124.692 374.327
 0      0      0      0
319.268 45.3803 126.662 381.634
 0      0      0      0
243.4 186.2 36 108
28.5 169.8 45 135
165.357 126.905 74.2381 222.095
63.8 19.2 111.6 333
 0      0      0      0
199.971 120.529 56.3382 169.221
178.688 192.313 41.1875 123.688
164.2 84.6 56.6 169.6
134 150 57 169
53.0417 53.375 88.3333 266.042
 0      0      0      0
174.935 97.6304 177.761 530.283
 0      0      0      0
569 78.3333 173 519.5
 0      0      0      0
463.667 85.7143 153.952 458.571
 0      0      0      0
316.1 147.2 177.2 531.5
 0      0      0      0
200.857 143.333 170.095 508.476
 0      0      0      0
348.548 179.387 116.387 347.903
178.167 77.3333 182.833 544
 0      0      0      0
355.5 191 110.75 330.75
246 180.5 170.7 507.9
 0      0      0      0
582.633 126.3 150.7 453.7
 0      0      0      0
569 522.2 59.2 177.6
230.067 435.333 70.6667 211
510.731 61.3846 192 573.923
 0      0      0      0
389 325.75 56.25 169
329.2 408.4 56.2 169.2
308 103 88.125 265.125
 0      0      0      0
124 243 36 108
435.37 89.9259 185.988 556.827
 0      0      0      0
172 96 36 108
275.714 108.117 136.741 410.44
 0      0      0      0
288.5 42.8889 163.222 491.667
 0      0      0      0
487.159 74.4762 161.317 487.111
 0      0      0      0
344.409 18.8182 54.5 164.364
173.016 101 179.094 535.969
 0      0      0      0
557.333 6 36 108
313.452 239.619 147.667 442.238
 0      0      0      0
149.28 255.8 87.6 262.64
510.545 173.545 103.606 311.97
343.857 142.714 110.286 332
666.667 121.167 155.333 470.333
 0      0      0      0
221 335.2 36 108
26 72.6667 196.333 583.167
390.4 38.4 219 648
 0      0      0      0
187.333 83.3333 36 108
153.463 118.442 67.9263 204.305
286.744 70.2731 86.0991 258.31
76.4359 54.7179 89.1795 268.077
 0      0      0      0
122.302 134.299 133.736 400.272
 0      0      0      0
173.588 200.557 133.608 400.402
 0      0      0      0
116.059 284.412 110.765 332.235
155.286 86.5714 174.786 523.714
 0      0      0      0
14.4545 76.6364 88.0909 265
209.423 200.543 115.653 346.607
 0      0      0      0
180.218 192.353 110.526 330.846
 0      0      0      0
200.5 195.769 101.731 305.346
 0      0      0      0
56 49.2857 56 169
210.621 217.414 114.621 344
 0      0      0      0
31 23.8 70.2 211
161.493 95.662 162.606 487.451
 0      0      0      0
201.071 181.071 81.1039 242.968
340.5 313.5 36 108
 0      0      0      0
206.308 336.462 85.4615 256.769
223.194 20.7419 107.258 321.29
134.333 173.333 110.889 332
 0      0      0      0
177.952 29.7619 86.2857 259.952
172.401 146.72 140.565 421.22
 0      0      0      0
102.737 84.1053 111 332.316
 0      0      0      0
232 290.667 56 169
163.714 17.7143 127.429 380.429
135 246 111 332
 0      0      0      0
169.682 73.5 174.545 523.636
 0      0      0      0
145 96 174.667 524
 0      0      0      0
122.667 63.8182 174.515 523.606
 0      0      0      0
193.097 72 174.613 523.677
 0      0      0      0
231.341 227.998 106.012 318.092
 0      0      0      0
229.261 228.128 112.809 338.679
 0      0      0      0
195.791 212.573 73.9 221.527
 0      0      0      0
188.125 155.579 120.711 361.978
 0      0      0      0
294.127 172.96 89.9769 270.046
566.6 148.8 45 135
266.089 116.167 93.7344 279.526
314.429 91.2857 89 264.286
 0      0      0      0
104.749 89.6106 50.7074 152.359
271.129 113.484 109.323 328.081
 0      0      0      0
294.512 119.256 108.721 326.023
 0      0      0      0
292 67 110.75 333
 0      0      0      0
17.75 294.25 38.25 114.75
77.9375 281.313 43.3125 129.938
136.333 278 45 135
255.5 201.429 57.3571 171.643
298.7 82.625 124.325 374.025
 0      0      0      0
320.308 116.422 97.6952 293.223
 0      0      0      0
300.35 140.025 101.9 305.325
 0      0      0      0
410.927 179.386 87.2317 261.621
 0      0      0      0
328.199 199.756 79.7821 238.833
 0      0      0      0
250.762 126.81 110.667 332.19
 0      0      0      0
249 148 56 168.667
 0      0      0      0
214.773 119.085 104.794 314.454
 0      0      0      0
184.611 78.0556 112.361 337.111
 0      0      0      0
354.4 282 36 108
312.541 193.676 59.8378 179.351
 0      0      0      0
265.612 183.699 64.9029 195.466
 0      0      0      0
354.5 211.5 36 108
273.605 170.814 95.4884 286.209
 0      0      0      0
124.36 156.48 117.6 352.32
199 115.333 163 488.333
 0      0      0      0
206.083 178.417 42.75 128.25
220.5 197.409 119.477 358.251
 0      0      0      0
236.6 61.8 45 135
389.874 160.205 60.9843 182.953
298.8 119.742 79.5234 238.907
338.2 113.4 80.72 242.28
174.355 160.909 136.853 409.583
 0      0      0      0
170.827 134.265 129.458 387.178
 0      0      0      0
215.216 164.178 133.439 399.582
 0      0      0      0
207.836 141.132 128.943 386.144
163.309 132.036 115.036 345.036
 0      0      0      0
95.4266 145.37 140.947 421.523
272.523 146.578 128.731 385.564
 0      0      0      0
180.82 120.534 147.785 442.257
 0      0      0      0
17.7941 285.324 63.3529 188.824
337.182 93.2727 78.9091 235.848
136.682 106.977 147.386 442.432
225.364 87.0909 139.364 416.364
 0      0      0      0
216.718 212.436 118.048 353.745
372.113 64.0458 77.0042 231.646
309 293 71 211.4
314.652 47.6957 89 267.261
170.8 124 110.4 332.2
 0      0      0      0
103.793 148.073 138.333 414.193
38.5156 132.125 138.031 413.219
293.754 103.877 151.615 453.985
 0      0      0      0
11 44.5 71 211.5
210 114.321 139.286 416.393
 0      0      0      0
309.049 180.472 101.375 303.889
134.053 179.158 120.684 361.026
 0      0      0      0
237.45 232.65 56.4 169
261.925 192.396 122.142 365.708
157.764 202.722 116.271 349.917
 0      0      0      0
215.232 113.976 138.341 414.085
122.104 107.123 143.548 429.651
 0      0      0      0
76.0217 203.239 136.043 406.326
 0      0      0      0
50.6067 120.659 144.171 430.848
135.565 112.304 148.348 444.522
245.273 125.364 139.182 416.455
 0      0      0      0
137.164 202.56 72.0654 216.353
178.406 186.469 76.875 231.703
 0      0      0      0
243.242 159.067 102.162 306.752
170.949 183.72 99.0161 297.521
135 225 88.3333 265
119.5 310.5 88 265
 0      0      0      0
197.493 222.233 84.4573 253.361
 0      0      0      0
146.857 69.2857 43.7143 131.143
322.266 80.6702 115.851 348.628
77.8148 68.6667 55 165.185
257.808 119.365 87.109 261.038
 0      0      0      0
182 198 36 108
104.036 200.334 50.8563 152.595
232.625 178.25 55.6875 166.781
195.489 171.267 61 183.178
285.047 162.953 64.9767 194.884
382.611 183.667 56.8889 168.889
 0      0      0      0
218 319.6 36 108
477.438 80.0625 45 135
232.594 174.127 94.3173 283.224
339.78 138.44 105.5 316.98
 0      0      0      0
221.113 108.243 106.174 318.948
305.243 142.326 92.7982 277.92
179.33 147.063 95.5733 287.109
 0      0      0      0
326 136.667 82.3333 246.333
 0      0      0      0
360.049 104.589 69.0197 207.51
310.845 116.476 70.9569 213.439
211.028 99.0015 77.6943 233.202
290.859 80.3861 63.3919 190.519
80.4 188.2 56 169
137.061 72.248 87.0348 260.869
 0      0      0      0
64 55 36 108
335.175 88.35 96.45 290.05
462.5 21.75 127.857 384.5
176.259 28.0741 138.778 418.185
 0      0      0      0
200.333 155.25 74.875 224.833
256.778 166.938 57.6914 173.296
55.4 135.2 56 169
445.75 144.889 73.7361 222.264
301.647 142.059 87.9118 263.353
362.707 138.122 92.5122 277.22
 0      0      0      0
421.442 116.25 51.0192 153.385
358.75 139.5 88.5 264
278.114 85.5251 113.712 341.188
 0      0      0      0
238.39 160.047 83.6802 251.087
 0      0      0      0
387 88.5 36 108
323.261 185.783 37.1739 111.522
260.089 184.996 64.7841 194.493
337.743 153.905 79.3243 238.284
 0      0      0      0
4.46667 184.133 36 108
348.067 190.701 56.709 170.448
219.132 193.969 53.7364 161.287
263.991 169.675 62.2858 187.777
455.769 222.778 50.3148 150.935
415.691 218.132 52.1711 156.684
477.4 212 57 169
 0      0      0      0
341.847 133.516 98.3548 295.718
268.598 102.253 103.54 310.333
 0      0      0      0
434.725 109.235 90.1176 270.392
338.807 127.028 102.384 306.75
248.684 140.316 86.2105 258.632
115.667 112.722 98.3333 294.556
 0      0      0      0
472.414 176.621 57.8621 173
331.697 173.333 69.9848 208.939
391.517 151.58 87.718 263.691
223.714 8.57143 110.857 332
 0      0      0      0
559.181 133.444 52.8194 158.597
436.455 189.697 39 117
392.803 163.574 48.3197 144.918
332.944 175.695 78.8636 236.341
2.25 316 36 108
348 4.25 45 135
197.458 195.635 83.9981 251.211
295 130.4 88 265
 0      0      0      0
350.045 180.462 62.8829 188.918
399.87 174.13 62 186.152
296.743 179.369 69.4575 208.039
258.602 179.178 69.7602 209.543
 0      0      0      0
2 107 36 108
186.826 100.577 88.3646 265.288
361.769 96.5641 76.2821 229.205
334.2 177.089 89.0667 267.244
250 111.333 76 229
 0      0      0      0
50.6667 99 36 108
502.45 185 51.3023 153.69
561.837 197.612 36.3673 109.102
596.4 197.733 38.1 114.3
109.357 214.18 42.8262 128.58
482.645 212.473 51.7364 154.836
409.111 192.267 53.1111 159.156
362.89 210.806 56.4829 169.665
171.295 184.858 60.9008 182.975
139 203 45 135
69.6471 208.294 50.7941 151.765
291.194 195.657 61.0267 182.585
318.566 198.736 57.566 172.66
213.273 186.364 60.5455 180.455
 0      0      0      0
439.386 51.8684 58.5526 176.149
501.403 94.8723 69.9573 210.128
221.353 198.765 70.2353 212
85.2857 43.6667 101.667 306.619
544 153.667 88 264.833
328.385 70.6667 122.205 367.487
256.667 46 138.333 418
 0      0      0      0
286.348 178.978 88.8449 266.148
320.143 198.714 88.5714 264.857
 0      0      0      0
403.715 196.395 78.347 235.085
150 171 45 135
488 215.143 56.7143 170.429
287 226.6 47.2 141.8
299.667 164 61 183.333
166.5 141.5 82.6667 246.833
 0      0      0      0
214.667 182.333 45 135
468.4 112.6 56 169
335.321 127.386 96.5107 289.928
243.237 166.342 87.7105 263.974
 0      0      0      0
300.333 184 56 168.889
 0      0      0      0
199.47 128.13 93.7933 281.223
330.209 132.825 98.8466 296.677
 0      0      0      0
344.7 189.3 40.5 121.5
436.598 197.838 70.8273 212.526
238.642 213.257 75.0826 224.882
263.974 175.795 77.5897 233.051
360.275 197.725 72.1877 217.337
149.125 175.125 76.125 227.792
43.6542 181.589 75.7103 227.43
222.333 168.667 70 212
 0      0      0      0
395.467 156.8 36 108
550.76 183.04 38.68 116.08
260 79 57 169
518 116 56 169
332.701 177.745 78.2102 234.752
239.159 151.476 98.0244 294.146
 0      0      0      0
318.267 120.167 56.9 171.233
379.537 87.4146 123.415 371
141 73.3333 111 332.667
 0      0      0      0
109.138 135.574 40.5 121.585
257.359 141.239 100.614 301.437
232.875 258.75 53.625 160.25
226.6 134.9 67.2 202.8
139.303 114.831 79.9101 239.494
416.808 158.769 99.7885 299.115
 0      0      0      0
190.889 190.444 36 108
144.363 184.48 50.8137 152.127
532.766 143.879 77.8014 233.667
474.393 176.571 68.375 204.268
205.888 169.522 58.4288 174.786
440.108 152.622 68.5135 206.189
362 72 70 211.75
85.2963 125.926 80.0741 240.963
306.206 117.492 103.222 309.254
246.182 115.331 105.403 316.955
 0      0      0      0
208.238 37.2619 92.2143 277.381
 0      0      0      0
373 127.333 45 135
250.344 141.595 86.5719 260.03
312.881 152.797 85.3186 255.575
 0      0      0      0
383.84 162.938 90.9306 273.236
258.25 114 113.75 340.9
 0      0      0      0
453.689 149.874 91.6807 274.487
277.483 208.952 74.1 221.988
218.17 210.83 77.9717 233.358
403 129.467 104.667 314.6
 0      0      0      0
138.382 106.163 102.3 306.711
248.524 86.5849 92.8258 278.146
207.679 123.821 98.9286 296.143
243.6 199.4 88.4 264.6
322.636 32.4848 138.788 418.242
 0      0      0      0
462.676 83.9296 69.2817 207.296
343.984 101.546 108.598 326.314
219 40.6667 111 332.333
 0      0      0      0
230.817 169.688 72.4301 217.683
395.885 138.262 93.9273 282.418
 0      0      0      0
143.4 276.8 45 135
6 179 56 169
50 117 71 212
348.233 127.567 101.3 304.2
185.789 126.684 103.342 309.789
269.25 128.25 88 264
 0      0      0      0
383.381 159.333 86.2857 259.857
91.2257 144.441 90.9068 272.965
493.667 166 88 264.667
 0      0      0      0
366.135 75.8498 82.3269 246.701
279.507 78.971 101.203 303.971
451.773 78.0956 115.364 346.074
307.667 130 110.833 332
163 42.8 138.8 418.2
55.6667 43.3333 139 418
 0      0      0      0
272.695 190.741 75.6045 226.554
495.48 142.46 57.95 174.12
449 121.2 67.4 203.4
334.286 146.286 71 212
 0      0      0      0
92.3333 134.5 36 108
258.202 187.812 75.7148 227.771
241.714 80.6429 70.9286 211.429
 0      0      0      0
451.2 119.2 56.6 169
313.5 123.345 110.708 332.253
 0      0      0      0
116.975 127.125 45 135
171.391 105.186 56.8814 170.526
253.917 100.408 111.815 336.244
 0      0      0      0
464.139 125.667 55.7222 167.417
115.625 109.211 78.8319 237.091
142.27 186.24 76.88 230.68
378.269 118.754 97.0923 291.608
199.766 119.915 90.8936 272.085
176.875 218 70.125 211.75
 0      0      0      0
131.333 141.333 36 108
315.786 139.929 43.7143 131.143
418.667 171.333 36 108
248.559 146.826 89.4754 268.769
156.264 168.064 94.3901 281.823
 0      0      0      0
197 91.75 56 168.75
485.08 103.84 110.56 332.32
 0      0      0      0
329.388 209.678 70.0189 209.466
478.688 197.375 45 135
518.182 210.909 68.2727 204.091
 0      0      0      0
293.667 200.222 88.3333 264.778
 0      0      0      0
201.246 161.581 81.0398 242.998
324.545 159.773 77.0909 230.756
 0      0      0      0
218.813 124.045 89.8268 269.568
331 102.857 56.8571 168.857
286.962 110.596 74.0385 222.077
 0      0      0      0
49.2 145.8 56.2 168.6
25.75 216.75 56 168.75
266.726 105.087 101.194 303.431
145.199 79.0087 115.506 346.884
 0      0      0      0
227.514 145.113 92.0933 276.54
137.993 126.29 98.2917 295.194
 0      0      0      0
175.484 138.31 47.1287 141.317
218.846 148.788 47.0455 141.064
263.746 160.836 79.1371 238.183
 0      0      0      0
115.308 118.923 39 117
298.254 143.102 75.4125 226.705
349.4 84.68 108.12 324.16
428 59 111 332
 0      0      0      0
141.329 163.497 55.1784 164.766
182.783 160.994 74.6042 224.039
303.37 194.053 77.0582 231.27
67.2018 135.56 68.1009 203.55
260 141.962 80.4744 241.692
 0      0      0      0
423.522 157.527 80.9402 242.283
240.05 100.671 113.588 341.28
 0      0      0      0
146.333 192 45 135
340 271 63.5 190.5
154.5 291 56 169
42 94.8333 79.5 238
186.2 250.5 71 211.9
494.4 110.2 111 332.4
 0      0      0      0
159.983 106.2 161.867 485.183
 0      0      0      0
192.1 87.5154 95.1538 286.008
252.289 222.619 70.4333 211.456
 0      0      0      0
13.9165 92.2979 46.2365 138.865
430.952 198.762 36 108
341.211 119.465 111.061 334.026
202.017 96.8568 115.289 346.235
 0      0      0      0
545.017 88.9465 38.3611 115.132
284.5 149.667 86 258.667
321.778 47.4444 126.222 380.222
 0      0      0      0
241.134 126.556 68.7084 206.313
299.286 135.857 70.2857 211
5.25 195.25 89 264.75
 0      0      0      0
441.913 121.761 38.7391 116.217
97 121 36 108
249.622 168.012 77.5402 232.66
474.436 108.615 48.0641 144.103
283.421 185 79.5789 238.658
 0      0      0      0
559.526 116.262 56.3832 169.052
273.231 327.308 40.3846 121
200.359 155.231 89 266.359
 0      0      0      0
401.2 134 56.4 169
166.194 173.71 87.5161 262.129
260.368 111.895 110.868 332.316
 0      0      0      0
113.444 156 37 111
77.8 140.778 53.8 161.267
260.875 127.75 60.25 179.625
306.263 126.053 70 211.316
 0      0      0      0
318.998 90.0822 115.059 345.61
 0      0      0      0
309.113 39.7042 121.958 367.338
 0      0      0      0
284.183 65.7271 116.067 348.467
 0      0      0      0
186.4 189.2 36 108
208.143 45.2619 130.119 391.81
 0      0      0      0
171.667 215 56.3333 169
305.529 252 66.1176 199.353
222.848 47 97.0152 291.197
 0      0      0      0
236.8 268.2 47.2 141.8
289.75 78.4615 115.096 345.731
 0      0      0      0
136 159.333 39 117
218.686 36.1714 118 354.571
 0      0      0      0
303.194 30.2581 134.161 404.452
 0      0      0      0
309.393 33.9643 135.714 408.929
 0      0      0      0
240.4 90 56.6 169
285.378 52.2432 121.014 363.77
 0      0      0      0
268.395 33.1579 137.947 415.974
 0      0      0      0
7 98.6667 36 108
394 267.333 56 168.667
252.267 20.2 123.933 372.267
 0      0      0      0
213.842 33.2368 138.684 418.237
 0      0      0      0
222.765 39.9412 137.176 413.176
 0      0      0      0
331.559 52.4188 109.426 328.988
177 251 56 169
280.2 67.6 71 212
 0      0      0      0
231.355 27.5484 137.871 415.452
 0      0      0      0
171.04 44.6 102.24 306.72
 0      0      0      0
234.375 201.625 70.125 209.063
316 258.071 69.2857 208.929
264 64 111 332.667
 0      0      0      0
240.208 28.4583 138.792 418.208
 0      0      0      0
332.947 67.8421 81.1579 243.842
 0      0      0      0
266.429 30.9388 128.082 385.735
317.667 133 110.333 332
 0      0      0      0
263.65 33.9 138.6 418.15
 0      0      0      0
243.436 53.6 100.345 301.636
 0      0      0      0
253.73 165.676 94.7027 283.324
221.667 30.6667 88 264
 0      0      0      0
223.688 24.5625 138.625 418.313
 0      0      0      0
258.857 43.7347 117.082 351.816
 0      0      0      0
186.8 96.8 45 135
310.618 49.6842 107.171 322.171
279.444 70.8889 70.7778 211.778
 0      0      0      0
229.667 25.8333 129.333 389.833
 0      0      0      0
292.942 76.375 101.417 304.692
258.563 37.125 90.3125 269.75
 0      0      0      0
384.507 56.7945 123.877 372.233
 0      0      0      0
209.4 37.3 138.5 418.2
 0      0      0      0
404.846 32.1538 57 168.846
136.096 46.4038 70.3077 211.904
314.71 52.1081 108.822 327.122
 0      0      0      0
375.07 26.2807 106.386 318.895
 0      0      0      0
300.193 90.9224 117.256 352.164
 0      0      0      0
379.118 38.1176 138.882 418.176
 0      0      0      0
294.588 36.2941 137.059 413.235
 0      0      0      0
302.167 26.0556 137.111 413.444
 0      0      0      0
210.615 37.4615 138.769 418.308
 0      0      0      0
329.284 52.1622 100.311 302.149
392.5 50.5 83.5 251.25
254 92 110.667 332.333
 0      0      0      0
502 56.6667 36 108
233.143 160.286 56.5714 169
261.75 44 138.5 418
 0      0      0      0
374.818 157.545 79 235.455
272.292 29.7083 138.75 418.292
 0      0      0      0
262.375 221.625 46.375 139.25
322.5 22.8333 82.75 246.917
321.333 171 88.3333 264.333
 0      0      0      0
327.773 78.0682 120.227 361.591
 0      0      0      0
226.378 41.2328 113.433 340.53
 0      0      0      0
207.8 178.6 56.6 168.8
120.727 57.0909 113.636 341.818
 0      0      0      0
293 129 71 211
 0      0      0      0
295.306 19.3611 84.2222 253.25
 0      0      0      0
192 63.6 36 108
259.9 42.2 114.8 344.4
 0      0      0      0
225.179 164.214 88.2143 264.679
 0      0      0      0
313.778 245.111 56.5556 168.778
173.5 42.2692 123.308 370.269
 0      0      0      0
180.207 29.8276 124.552 374.276
 0      0      0      0
323 20 139 418
 0      0      0      0
 0      0      0      0
 0      0      0      0
282.286 31.4762 76.1429 228.143
 0      0      0      0
298.154 35.5385 55.1538 166.385
222 83.8 97.2 291.7
 0      0      0      0
312.549 201.686 79.7059 238.451
246.759 38.1034 117.793 354.448
 0      0      0      0
377.6 30.8 54.2 162.2
 0      0      0      0
335.7 54.9667 133.4 401.067
 0      0      0      0
277.778 26.5556 132.667 398.889
 0      0      0      0
 0      0      0      0
353.154 194.615 88.2308 264.615
244 12.7143 139 418
 0      0      0      0
294 29 88 264
 0      0      0      0
210.077 13.1538 138.769 418
 0      0      0      0
266.857 10.4286 89 265
 0      0      0      0
 0      0      0      0
190.667 94 45 135
299.978 30.3696 68.5435 205.978
295 246 70.5 212
 0      0      0      0
201.273 9.18182 138.909 418
 0      0      0      0
261.675 64.325 128.225 386.05
 0      0      0      0
501.5 125.5 36 108
477 123.333 36 108
524.8 136.067 36 108
297.13 158.275 87.4714 262.839
349.656 134.63 90.4903 271.628
115.297 127.766 63.625 191.031
 0      0      0      0
260.14 138.494 92.7076 278.364
119.235 129.588 45 135
341.906 131.38 96.8673 290.832
 0      0      0      0
78.8148 164.407 58.1605 173.815
324.929 157.841 80.9206 242.601
381.48 154.405 78.5434 235.538
123.294 169.132 67.5506 203.439
199.555 165.591 65.9975 197.981
 0      0      0      0
468.667 288.667 36 108
245.247 125.09 99.8315 299.517
 0      0      0      0
354.581 304.677 37.2903 111.935
411.571 297.5 46.3036 138.821
375.5 285.25 56.4167 169
 0      0      0      0
18 191.333 36 108
224.746 193.952 85.4127 256.032
 0      0      0      0
396.262 158.291 76.0194 228.087
 0      0      0      0
415.333 73.3333 36 108
258.813 38.0625 138.688 418.25
 0      0      0      0
479.333 42 36 108
279.889 27.1111 138.667 418
 0      0      0      0
246.286 121 36 108
259.1 41.8 128.3 386.55
 0      0      0      0
142.857 149.143 36 108
183.333 86 70.6667 211
226.083 29.4167 138.667 418.167
 0      0      0      0
149 261.333 64.3333 192.778
168.5 33.0385 128.154 385.192
 0      0      0      0
234.615 45 136.615 411.692
 0      0      0      0
226.909 29.4545 124.182 373.409
 0      0      0      0
129.184 131.947 135.728 405.079
 0      0      0      0
256.311 197.571 73.7462 222.387
323.057 180.347 80.3115 240.258
 0      0      0      0
291.818 186 36 108
340.364 172 70.6364 211.727
 0      0      0      0
513.333 73.3333 36 108
394.4 80 36 108
358.619 310.095 45 135
232.521 43.3125 133.521 401.875
 0      0      0      0
216.015 147.744 76.5286 229.807
289.303 94.4897 105.269 315.979
 0      0      0      0
