 399 182 520 411
 282 201 374 385
 63 153 145 441
 254 343 192 206
 199 366 125 209
 217 208 162 353
 0 0 0 0
 538 416 399 181
 269 202 356 384
 171 435 71 151
 255 343 200 206
 204 367 127 210
 228 349 157 206
 0 0 0 0
 525 409 419 182
 271 196 347 386
 181 441 70 155
 256 343 209 204
 200 366 136 206
 233 346 162 204
 0 0 0 0
 539 418 428 181
 186 440 80 160
 338 381 262 196
 218 206 259 344
 206 362 131 208
 237 343 164 212
 0 0 0 0 
 534 417 439 179
 188 432 84 165
 330 384 264 197
 227 208 266 347
 233 211 180 350
 0 0 0 0 
 541 417 454 179
 319 381 251 194
 204 434 89 164
 228 208 275 344
 236 214 183 350
 0 0 0 0 
 534 416 453 177
 213 437 103 165
 314 386 245 190
 240 211 184 356
 0 0 0 0 
 547 419 471 178
 218 441 117 165
 306 385 236 188
 245 211 190 355
 0 0 0 0 
 464 173 565 417
 238 441 125 158
 306 385 232 190
 249 214 193 352
 0 0 0 0 
 560 419 479 168
 231 442 134 159
 302 384 224 190
 0 0 0 0 
 571 419 483 169
 231 440 139 154
 297 385 220 194
 0 0 0 0 
 596 416 497 167
 239 440 139 155
 280 380 210 195
 315 342 262 209
 0 0 0 0 
 602 418 502 172
 250 440 160 151
 283 380 210 195
 319 338 264 209
 0 0 0 0 
 607 413 499 172
 251 442 163 149
 319 340 261 208
 0 0 0 0 
 615 417 506 178
 270 440 179 149
 333 206 268 355
 0 0 0 0 
 631 416 514 177
 329 344 279 205
 274 442 182 150
 0 0 0 0 
 520 176 634 423
 287 201 331 349
 200 148 293 444
 0 0 0 0 
 522 165 633 428
 176 192 245 391
 293 208 342 347
 307 448 196 149
 0 0 0 0 
 534 168 637 421
 296 213 353 345
 310 444 206 157
 174 185 242 384
 0 0 0 0 
 547 182 635 422
 356 342 296 205
 322 444 204 159
 165 187 227 386
 0 0 0 0 
 565 176 639 423
 358 344 301 209
 337 444 215 162
 159 194 219 385
 0 0 0 0 
 330 449 222 163
 368 348 307 208
 150 188 218 388
 575 170 662 425
 0 0 0 0 
 338 446 219 164
 375 349 307 205
 139 186 208 385
 582 168 663 430
 0 0 0 0 
 381 347 310 205
 363 451 243 162
 131 188 206 388
 585 165 679 434
 48 183 -28 418
 0 0 0 0 
 351 446 254 165
 376 344 321 211
 121 191 208 380
 48 179 -15 419
 0 0 0 0 
 380 344 322 208
 356 449 259 155
 113 190 192 385
 241 214 302 367
 63 180 -20 415
 0 0 0 0 
 274 158 362 454
 109 194 197 386
 242 222 316 372
 61 182 -30 415
 0 0 0 0 
 195 389 99 196
 375 448 285 153
 257 224 312 371
 61 177 -21 413
 0 0 0 0 
 287 162 393 445
 88 194 181 382
 261 218 321 372
 68 177 0 415
 0 0 0 0 
 400 449 307 157
 88 188 172 381
 2 168 68 411
 259 215 324 368
 0 0 0 0 
 414 448 319 162
 90 201 174 385
 3 176 85 411
 264 208 319 370
 0 0 0 0 
 431 444 319 157
 331 374 270 215
 84 181 165 386
 1 174 94 414
 0 0 0 0 
 322 162 437 445
 157 388 72 188
 8 187 108 411
 277 214 329 372
 0 0 0 0 
 324 162 446 451
 144 377 70 181
 22 181 118 408
 278 215 335 370
 0 0 0 0 
 338 154 459 449
 33 182 123 417
 288 219 342 370
 0 0 0 0 
 352 160 463 451
 31 188 134 409
 299 218 348 371
 0 0 0 0 
 361 167 467 449
 136 416 43 178
 301 222 356 375
 0 0 0 0 
 371 167 478 453
 148 412 49 182
 363 374 303 217
 0 0 0 0 
 385 169 476 450
 31 188 111 389
 140 412 59 178
 366 368 305 213
 0 0 0 0 
 386 155 494 455
 21 179 107 391
 151 411 59 174
 371 370 307 217
 0 0 0 0 
 400 158 496 454
 95 391 12 183
 150 411 71 176
 377 374 314 219
 0 0 0 0 
 404 157 511 457
 95 388 10 181
 168 177 77 416
 381 376 319 220
 0 0 0 0 
 426 159 523 455
 86 388 2 186
 177 172 97 421
 386 371 321 214
 0 0 0 0 
 430 154 528 457
 90 390 0 182
 188 417 102 171
 391 372 325 214
 0 0 0 0 
 436 153 546 460
 200 414 97 174
 395 370 329 217
 66 186 -8 402
 0 0 0 0 
 439 158 565 462
 222 416 108 178
 394 367 340 219
 51 186 -14 406
 0 0 0 0 
 449 164 568 458
 222 408 121 177
 398 370 334 211
 45 182 -24 403
 312 204 375 359
 0 0 0 0 
 460 162 585 457
 227 416 127 185
 400 365 342 215
 48 176 -28 403
 318 198 375 359
 0 0 0 0 
 478 164 580 455
 220 418 132 182
 450 211 502 353
 405 372 345 215
 312 193 394 364
 0 0 0 0 
 481 157 589 457
 234 418 140 183
 450 209 506 351
 408 368 356 214
 328 199 393 361
 0 0 0 0 
 494 159 594 462
 243 419 154 181
 455 206 511 349
 416 374 352 209
 328 199 397 364
 0 0 0 0 
 497 158 601 459
 246 419 165 181
 460 209 513 348
 423 365 358 215
 330 199 397 365
 0 0 0 0 
 505 150 608 457
 252 419 173 178
 467 213 527 353
 430 372 365 214
 406 195 333 364
 0 0 0 0 
 508 148 608 458
 266 425 185 176
 473 217 534 348
 435 372 365 214
 409 199 342 365
 0 0 0 0 
 514 151 619 457
 271 419 196 177
 482 215 545 345
 442 368 367 217
 412 196 349 358
 0 0 0 0 
 529 151 628 459
 289 414 201 174
 482 209 546 353
 441 370 379 219
 415 193 352 366
 0 0 0 0 
 538 150 640 460
 302 422 208 173
 486 214 547 345
 441 374 382 223
 419 193 366 365
 0 0 0 0 
 539 157 640 462
 315 421 213 182
 491 211 556 351
 442 370 386 218
 416 196 366 371
 0 0 0 0 
 326 419 223 182
 499 210 560 352
 446 370 393 218
 553 152 666 456
 424 198 371 364
 0 0 0 0 
 338 423 231 187
 506 215 565 349
 454 367 397 215
 553 157 676 457
 430 199 372 362
 0 0 0 0 
 342 422 236 187
 517 217 568 348
 459 367 402 213
 565 160 678 468
 431 199 372 368
 0 0 0 0 
 352 427 251 185
 514 213 573 351
 468 371 411 211
 572 167 682 462
 452 201 375 362
 0 0 0 0 
 363 427 260 183
 518 205 578 349
 476 374 409 214
 575 173 672 463
 446 199 377 368
 0 0 0 0 
 358 423 273 183
 528 210 584 352
 474 367 418 215
 447 204 378 369
 0 0 0 0 
 370 421 280 179
 534 214 592 353
 491 372 423 214
 456 204 383 365
 0 0 0 0 
 381 425 297 179
 537 206 599 349
 494 371 421 217
 456 204 383 366
 0 0 0 0 
 386 418 306 179
 542 209 616 356
 492 372 434 214
 457 196 391 371
 0 0 0 0 
 405 426 315 173
 547 211 608 351
 501 371 434 220
 466 201 403 368
 0 0 0 0 
 416 428 325 178
 557 215 619 353
 502 372 441 217
 469 201 399 378
 0 0 0 0 
 426 417 326 182
 561 210 620 352
 510 372 446 217
 468 199 403 368
 0 0 0 0 
 442 426 335 183
 561 220 624 353
 510 372 449 219
 474 204 416 368