0.0664207 0.153846
0.0719557 0.158863
0.0750308 0.16165
0.0765683 0.163043
0.0789668 0.165217
0.0824108 0.168339
0.0859251 0.171524
0.0908672 0.176003
0.0947109 0.179487
0.098524 0.182943
0.10265 0.186683
0.107626 0.191193
0.11212 0.195266
0.117027 0.199713
0.122263 0.204459
0.128229 0.209866
0.134578 0.215621
0.140836 0.221293
0.147213 0.227073
0.154059 0.233278
0.161132 0.239688
0.168735 0.24658

0.110701 0.19398
0.116236 0.198997
0.119311 0.201784
0.121771 0.204013
0.125461 0.207358
0.129766 0.21126
0.133368 0.214525
0.137915 0.218645
0.143091 0.223337
0.147601 0.227425
0.152298 0.231681
0.157134 0.236065
0.161226 0.239774
0.165525 0.243669
0.169988 0.247715
0.174815 0.25209
0.179726 0.256541
0.184502 0.26087
0.189357 0.26527
0.194834 0.270234
0.200141 0.275044
0.206139 0.28048

0.110701 0.19398
0.116236 0.198997
0.119311 0.201784
0.121771 0.204013
0.125461 0.207358
0.129766 0.21126
0.133368 0.214525
0.137915 0.218645
0.143091 0.223337
0.147601 0.227425
0.152298 0.231681
0.157134 0.236065
0.161226 0.239774
0.165525 0.243669
0.169988 0.247715
0.174815 0.25209
0.179726 0.256541
0.184502 0.26087
0.189357 0.26527
0.194834 0.270234
0.200141 0.275044
0.206139 0.28048

0.0664207 0.153846
0.0719557 0.158863
0.0750308 0.16165
0.0765683 0.163043
0.0789668 0.165217
0.0824108 0.168339
0.0859251 0.171524
0.0908672 0.176003
0.0947109 0.179487
0.098524 0.182943
0.10265 0.186683
0.107626 0.191193
0.11212 0.195266
0.117027 0.199713
0.122263 0.204459
0.128229 0.209866
0.134578 0.215621
0.140836 0.221293
0.147213 0.227073
0.154059 0.233278
0.161132 0.239688
0.168735 0.24658
0 0.19398
0 0.198997
0 0.201784
0 0.204013
0 0.207358
0 0.21126
0 0.214525
0 0.218645
0 0.223337
0 0.227425
0 0.231681
0 0.236065
0 0.239774
0 0.243669
0 0.247715
0 0.25209
0 0.256541
0 0.26087
0 0.26527
0 0.270234
0 0.275044
0 0.28048
0 0.120401
0 0.122074
0 0.12709
0 0.131271
0 0.135786
0 0.139911
0 0.145246
0 0.149666
0 0.153103
0 0.156522
0 0.159927
0 0.163601
0 0.166967
0 0.170091
0 0.173467
0 0.177048
0 0.180405
0 0.184132
0 0.188171
0 0.191973
0 0.195891
0 0.199909
0.181818 0.120401
0.188889 0.122074
0.208333 0.12709
0.222772 0.131271
0.236842 0.135786
0.248503 0.139911
0.262136 0.145246
0.272358 0.149666
0.27972 0.153103
0.286585 0.156522
0.293011 0.159927
0.299523 0.163601
0.305139 0.166967
0.310078 0.170091
0.315141 0.173467
0.320225 0.177048
0.324742 0.180405
0.329499 0.184132
0.334371 0.188171
0.33871 0.191973
0.342949 0.195891
0.347071 0.199909
0.181818 0.120401
0.195652 0.123746
0.240741 0.137124
0.258621 0.143813
0.28125 0.153846
0.294118 0.160535
0.320513 0.177258
0.325 0.180602
0.325 0.180602
0.333333 0.187291
0.340909 0.19398
0.351064 0.204013
0.354167 0.207358
0.357143 0.210702
0.365385 0.220736
0.372727 0.230769
0.375 0.234114
0.383333 0.247492
0.390625 0.26087
0.392308 0.264214
0.397059 0.274247
0.401408 0.284281
0.181818 0.120401
0.195652 0.123746
0.240741 0.137124
0.258621 0.143813
0.28125 0.153846
0.294118 0.160535
0.320513 0.177258
0.325 0.180602
0.325 0.180602
0.333333 0.187291
0.340909 0.19398
0.351064 0.204013
0.354167 0.207358
0.357143 0.210702
0.365385 0.220736
0.372727 0.230769
0.375 0.234114
0.383333 0.247492
0.390625 0.26087
0.392308 0.264214
0.397059 0.274247
0.401408 0.284281
