0.0364921
-0.0331692
-0.00879145
0.050354
-0.0085287
0.00668849
-0.0294341
-0.0109961
0.0581536
0.0607439
-0.0156888
0.00714883
0.0256554
-0.00997174
0.0445253
-0.018232
-0.00351901
0.0747004
0.0201728
-0.017615
-0.00804671
0.0566855
0.0522911
0.00255869
-0.0646912
-0.0332661
0.0235229
0.0231377
-0.0113361
-0.0106712
0.0336298
0.0130136
0.0267904
-0.0406129
-0.0395427
0.0271136
0.02711
0.00224363
0.0271765
0.0370499
0.0061372
0.0332333
-0.0142675
-0.0102317
0.0520183
0.026027
-0.00114265
0.00545335
0.0660459
-0.0105981
0.0337376
0.0287554
0.035131
0.0682608
0.005442
-0.0344049
-0.00393526
0.0272395
0.0304283
0.0208535
-0.0342499
-0.0210077
0.0130253
0.0024205
-0.0450501
-0.0408728
0.0384891
0.0286999
0.0376522
-0.0183883
-0.0128863
0.0187814
0.0249297
-0.00537007
0.0112101
0.0542849
-0.0252405
0.0469945
0.0356268
0.0652082
0.0467931
0.0320411
-0.00789782
-0.00250472
0.0121199
-0.0241564
0.0511224
0.0244077
0.0569134
0.0492817
-0.0137674
-0.0164372
-0.0237987
0.0331837
0.0297712
0.0559178
-0.00177589
0.0367134
0.0162797
-0.0184753
-0.0492985
-0.0371079
-0.00300527
0.0203135
0.0157289
-0.0365857
0.0379377
-0.000415413
0.0207396
0.0165514
0.00484712
0.0304458
-0.0216882
0.0531308
0.0185846
0.0377228
0.0322912
-0.0132596
-0.0185691
-0.0295544
0.00233586
-0.0582498
0.00706079
-0.0149817
0.0254871
0.00143688
-0.0128719
-0.00120923
-0.00224704
0.00772906
0.0480686
0.015484
0.00246184
0.0454822
-0.00546485
-0.0331846
-0.0337717
-0.0235752
-0.0113561
-0.0114502
-0.0193701
-0.0152087
0.0104644
-0.0353926
-0.0277642
0.0214683
0.020592
0.0442531
-0.0105619
0.0243372
0.00622301
0.0129961
-0.0142589
-0.0449881
-0.0308201
-0.0239281
-0.0030188
-0.0130798
0.0282558
-0.0236991
-0.0269122
-0.0167548
-0.0162116
0.0174503
-0.0333246
0.00856755
0.0324691
0.0231604
0.0243049
0.0272493
-0.0259716
-0.0292892
-0.0205783
-0.0452681
-0.0310486
0.0342572
0.0261351
0.00815782
-0.0019489
-0.00626631
-0.0368874
-0.0383787
-0.0366251
0.0127593
-0.0198919
0.0318736
-0.00789476
0.0140129
0.00849234
-0.0617396
-0.0498273
-0.0601446
0.00924636
-0.0578454
-0.00848022
-0.0360563
-0.0190423
-0.0427042
-0.0063053
0.00224493
-0.0408519
0.0177623
0.0524175
0.0364149
-0.0207352
0.0442467
-0.00996055
-0.0128315
-0.0123153
-0.0541848
0.00313646
0.0401289
0.00908759
-0.0414669
-0.00896312
-0.0341115
-0.0337877
-0.00315647
-0.0160388
0.0360032
-0.0364154
0.00103809
-0.0165873
-0.00901237
-0.0121958
-0.0564685
-0.0359538
-0.0410638
0.0024021
-0.040692
-0.0233099
-0.0484466
-0.0101549
-0.0234565
0.00764894
0.011893
-0.00424634
0.035002
0.0715221
0.0309083
-0.0101717
0.00451039
0.0115962
0.00896098
-0.0302906
-0.0337621
-0.00222926
0.0320375
0.0158332
-0.04329
-0.0107563
0.0184185
-0.0415165
-0.0233292
-0.0356161
0.0254267
-0.0176733
0.00594987
-0.0465293
0.015451
-0.013118
-0.0474095
-0.0331665
-0.0383005
-0.0173572
-0.0504601
0.00388674
-0.0348993
0.0107561
-0.00270424
0.00615853
-0.0181107
-0.0272147
0.0120903
0.0300848
0.00885978
-0.00679297
0.0468838
0.0316591
-0.0133475
-0.031908
-0.049706
-0.0336278
-0.000827344
-0.0120209
0.0127046
0.051951
0.0155335
-0.0513238
-0.0364489
-0.00515833
0.0257748
-0.0292474
0.00044616
-0.0307391
-0.0068459
-0.0150609
-0.0193478
-0.0162633
-0.0101033
0.0385782
-0.0387045
-0.00888622
-0.0592764
-0.0280124
-0.0300799
-0.00109804
-0.0236867
-0.00929374
-0.00643046
0.00814453
0.014963
-0.00245469
0.0338845
0.0150351
-0.0257953
-0.00986272
-0.0126562
0.0062375
0.0139912
-0.0065308
-0.0641891
-0.0432733
-0.0096325
-0.0129426
-0.00676687
-0.0172343
0.0430289
-0.0416333
-0.00879117
-0.0468557
-0.0131482
-0.00842749
-0.0395987
-0.0486419
-0.0564649
-0.00334861
-0.0501174
-0.0218707
-0.0674569
-0.0383887
-0.0221392
-0.0100878
-0.00581819
-0.0112786
0.0339615
0.000368695
0.00221136
-0.0265895
0.00526051
-0.00609076
-0.0190775
-0.0198247
-0.0520423
-0.00115547
0.000824084
-0.00261525
-0.0394583
-0.00762258
-0.0182208
-0.0519203
-0.0347925
-0.0300212
0.0245606
-0.0130377
-0.00302233
-0.0441004
-0.0230942
-0.0217916
-0.0307387
-0.0244502
-0.0118566
0.0399162
-0.0477963
-0.0157422
-0.0373706
-0.019075
-0.0146941
-0.0532742
-0.0195892
-0.0143461
0.0308743
0.0491278
0.0125225
-0.0254881
-0.00333747
-0.0472286
-0.046777
-0.0127286
-0.0215194
0.045663
0.0450704
-0.00789279
-0.0255669
-0.0148138
-0.034969
-0.0531306
-0.0212945
-0.0075149
0.0325972
-0.0326807
-0.00957762
-0.0375029
-0.0160704
-0.0224301
-0.0573162
-0.0216486
-0.0193026
0.0142822
-0.03559
0.00965116
-0.0269157
-0.00816027
-0.0296575
-0.0370577
-0.0110774
-0.0265768
0.0174094
0.0358544
0.0100502
-0.016676
-0.0162329
-0.0270292
-0.0459653
-0.0135235
0.00718587
0.0271892
0.0326151
0.00525611
-0.0141908
-0.0105422
-0.0360383
-0.0336595
0.00519488
0.0297991
0.0482887
0.0038556
0.0158468
-0.00718277
0.00517602
-0.0189498
-0.0491987
-0.0264992
-0.00147246
-0.0159273
-0.0118747
-0.0119601
-0.00790029
0.00715854
-0.0446507
-0.0221551
0.00756055
0.0363434
0.0391322
0.0433171
0.0414352
0.027339
0.0216438
-0.0306423
-0.0289948
-0.0217649
0.00212292
-0.00522805
0.0219193
0.00135027
0.0200437
0.000999131
-0.047866
-0.0127765
0.0114672
0.0245668
-0.00106486
-0.0240165
0.0166921
-0.00323564
0.0169282
-0.00342466
0.00861512
0.0218249
0.0286762
-0.00778607
-0.0468713
0.00948093
-0.0341885
-0.0332146
0.0057645
-0.026618
-0.00225216
0.0353471
0.00650518
0.0211048
0.0327413
0.0202924
0.00554988
-0.0115649
-0.0101225
-0.0337041
0.0125066
-0.0169807
-0.0168173
-0.0022775
-0.0348689
-0.025051
0.0200106
0.0370083
0.0154821
0.00119577
-0.00679217
-0.0791172
0.00477106
-0.0254099
-0.0227485
0.0553888
0.00141204
-0.0316305
-0.00403883
-0.00453235
-0.0698527
-0.0136257
-0.0141982
-0.00940775
0.0350438
0.00726288
-0.040621
-0.0137885
-0.00756494
-0.0489336
-0.0120197
-0.0286482
-0.0173225
0.0293047
-0.0197864
-0.0502135
-0.0328128
0.00588566
-0.0233136
-0.0173246
-0.0378677
-0.0346248
-0.0050938
0.0617405
-0.0171177
-0.0084508
0.0513974
0.064011
0.0319219
-0.0473071
-0.0311053
0.0472226
0.0639839
-0.0328461
-0.0185937
0.0301936
0.0162244
0.0221352
-0.0284287
-0.0281641
0.0549453
0.0155285
-0.042744
-0.0217468
0.0225913
0.0318239
0.0355002
-0.0321762
-0.0309943
0.0078882
0.0269899
-0.0632854
-0.0369053
-0.0387401
-0.00733382
0.00247505
-0.0414844
-0.0245444
0.013663
0.0319851
-0.036261
-0.0239251
-0.0067674
0.0199776
0.0276308
-0.0313408
-0.0248924
0.0368704
0.030103
-0.00905805
-0.0290324
0.00606561
0.0478737
0.0440374
0.00382846
-0.0199942
0.0227588
0.0247089
-0.0206446
0.0108259
-0.0113762
0.0143118
0.0227763
-0.0468203
-0.0519473
-0.00725056
0.0790433
0.0256746
0.0216756
0.0287912
0.010203
0.00117028
-0.0601291
-0.0685233
0.010485
0.00714544
-0.0022738
-0.0246291
0.0323296
0.0379048
0.0355671
-0.00132148
-0.0129249
0.0186329
-0.0257062
-0.0230493
-0.0333555
0.00287723
0.00555225
0.0113883
-0.00524449
0.0359864
0.00126328
0.0463081
0.0058697
-0.017964
0.0187393
0.0116766
0.022434
-0.0160461
-0.00511503
0.045441
-0.0128562
-0.0160928
-0.0173689
0.0212648
0.0125436
0.0200636
0.0314983
0.0618625
0.0207105
-0.0424292
0.00885569
0.00838799
-0.0120921
0.00843285
0.00441549
0.00420021
0.0312709
-0.0281472
-0.0284482
0.0363358
-0.00299733
-0.0528209
-0.0389389
-0.0225765
-0.0415963
-0.0143651
-0.0658711
-0.037952
0.0751081
0.107144
0.0509481
0.0226922
0.0150006
0.0240085
0.0336219
-0.0324875
0.0124253
0.131997
0.102422
-0.00566112
-0.0474734
-0.0242533
-0.0485833
-0.0535186
-0.0552886
0.0362259
0.0769047
-0.0171583
-0.040677
-0.00653721
-0.00816572
-0.0195646
0.00426963
-0.0463415
0.0322704
0.0364628
-0.0667505
-0.0711878
-0.0150169
-0.015553
-0.0322371
0.00100657
-0.0299803
0.0804577
0.154252
0.0326467
-0.0302234
-0.00723982
0.00569677
-0.0172833
-0.00322485
-0.033246
0.0682571
0.0946589
-0.033956
-0.0601534
-0.0402257
-0.0347389
-0.046585
-0.0205301
-0.0147509
0.0243376
0.0541372
-0.0414625
-0.0212508
0.0146336
0.00849793
-0.0260263
0.0299549
-0.00229892
0.004204
0.0144347
-0.064373
-0.0248531
0.0133107
-0.00873685
-0.0402129
0.00823177
-0.039087
0.0323581
0.0955896
-0.0228587
-0.0356825
-0.0294538
-0.00734547
-0.0244068
0.00254479
-0.0137977
0.000989348
0.0499745
-0.0423171
-0.0446992
-0.0262877
-0.036299
-0.0199172
-0.000147118
-0.0153031
0.00365717
0.0263778
-0.0271215
0.0153175
0.0391148
0.0121939
-0.0112574
0.0377082
-0.00830164
-0.00407256
0.010175
-0.00885564
-0.0113223
-0.0140859
-0.0237255
-0.0283021
0.0074185
-0.0026692
0.0219617
0.0930808
-0.00632339
0.00350398
0.0135471
-0.00147696
-0.00464311
0.0212304
-0.0153609
0.0411745
0.0572457
-0.0128865
-0.00322138
-0.000302009
-0.0155992
-0.0061241
0.0110122
0.000808363
-0.00550169
-0.00556674
-0.0252075
-0.0059841
-0.0070602
-0.0271632
-0.0180464
0.0342717
0.0227525
-0.0193605
-0.0116446
-0.0436557
-0.0130872
-0.00485374
-0.0231386
-0.013637
0.0595067
0.00317424
0.0716929
0.067076
-0.00960858
-0.000826915
-0.0104859
-0.000168893
-0.00777973
0.0180082
0.0178625
0.0672605
0.0302935
-0.0330792
-0.012859
0.00316303
0.0159412
-0.000192467
0.0259387
0.0718586
-0.0307892
-0.00627012
-0.0138489
0.00667968
0.00893232
0.00559668
-0.0289471
0.0263457
0.001407
-0.0440768
-0.0025595
-0.021112
0.00812474
0.0117569
-0.0250893
-0.0528202
-0.0220307
-0.0323592
0.0123715
0.0147695
-0.0124682
0.0289336
0.0338702
0.0411085
0.0125535
0.0154558
0.0277953
0.0151989
-0.0126555
-0.0140346
0.0442982
0.0428659
0.00884277
-0.0322664
0.00656339
-0.00474915
-0.0390164
-0.00832408
-0.0334965
0.00207484
-0.00411047
-0.0215328
-0.0378772
-0.00682465
-0.0578553
-0.0336235
-0.00525792
-0.042628
-0.0229612
-0.0198065
-0.0131715
-0.0329795
-0.0331651
-0.063935
0.0440196
0.048132
-0.0275865
0.0306376
0.0366623
0.00204574
-0.0413709
-0.00631675
-0.0275924
0.00737453
0.0501927
-0.0166324
-0.0160727
0.00232522
-0.0309457
-0.0538586
-0.05474
-0.0164066
-0.0535167
-0.00341395
-0.0279395
-0.00115204
0.00498445
0.00361366
-0.0210834
-0.0137861
-0.0795136
-0.0353882
-0.0385289
-0.0376107
0.0216312
0.000386701
-0.0141605
-0.0350172
-0.0294763
-0.0379515
0.00122458
0.00117701
-0.014965
0.00473637
0.0264199
0.0191692
-0.00756824
-0.00393523
-0.0134447
-0.00875015
-0.0304668
-0.0324532
0.0280917
0.0491806
0.00471784
-0.0195161
-0.0155398
0.00056488
-0.0407781
-0.0263191
-0.0237167
-0.00214179
-0.00473733
-0.00835239
-0.0360104
-0.0171759
-0.0257555
-0.0386828
-0.00700551
-0.000735727
-0.000855696
-0.0012948
-0.0123529
-0.0241366
-0.00638848
-0.0581871
0.0116671
-0.00256747
0.00442919
0.018616
0.00211684
-0.00284562
-0.0344906
-0.0333299
-0.00433518
0.0165713
0.018091
0.0177259
0.0169725
0.0262256
0.0368217
0.0160081
0.00535813
0.00541819
-0.0515674
-0.0175391
0.000965056
0.00581366
-0.0011092
0.00812929
0.0224593
0.0223414
-0.0541261
-0.058739
-0.0578256
-0.0308599
-0.044602
-0.0382439
-0.019214
0.00523805
-0.0203004
-0.0633274
0.000699749
0.0451293
0.0493639
0.0465601
0.0625216
0.0830525
0.071115
0.0484236
0.00391705
-0.0217655
0.0183533
0.0163463
-0.0108786
0.0441344
0.0425015
0.0793456
0.0575988
-0.00895587
-0.0337244
-0.0373911
0.0167531
0.00410686
0.00863517
0.0349858
0.0384327
0.0131696
0.00520146
-0.0340192
-0.060405
-0.0193252
-0.0155481
-0.0394335
-0.0224106
-0.0219857
-0.0301354
0.00869245
-0.00412387
0.00129511
0.0281075
0.0367721
0.0761889
0.0852205
0.0997577
0.0717112
0.0323501
-0.0567561
-0.085502
-0.0329195
-0.026671
0.00449525
0.00214136
0.000879802
-0.0226606
-0.0173348
0.00876845
-0.0373275
-0.00240931
0.0132519
-0.0324068
-0.0143955
-0.0195177
-0.00595816
0.0350619
-0.0326939
-0.0200295
0.00612474
0.0436332
-0.00616852
-0.00149024
-0.0350276
-0.0434169
-0.0227802
0.0108625
-0.0421468
-0.00416106
0.00893087
-0.0207617
-0.0197771
0.00736546
-0.0143068
0.0193301
-0.0347649
-0.0319815
0.00475644
0.0303463
-0.0124759
-0.00110255
-0.0044416
-0.0533272
-0.0455678
0.00613436
-0.0298807
-0.00941648
0.0569524
0.0277882
0.010815
-0.0296388
-0.0212321
-0.00126574
0.0293679
-0.024856
-0.00235309
0.0299888
-0.00103504
0.0195252
-0.0505475
-0.0122136
0.0189081
0.0497369
-0.0102029
-0.0281659
0.0217742
0.0311719
0.00832868
-0.058542
-0.0290111
0.0509287
0.0656051
0.00366573
-0.00339226
0.0503403
0.0206533
0.0395238
-0.0571595
-0.0376017
0.0661661
-0.0306844
-0.0333843
0.0141187
0.0268916
-0.00983706
-0.0427484
-0.081601
-0.0818108
-0.0713985
0.051943
0.0524168
0.0552594
0.0613072
-0.013776
-0.0383763
-0.0672274
-0.0553195
-0.00786581
-0.0159349
0.0379931
0.127344
0.160633
0.086593
0.00631172
-0.0615167
-0.112128
-0.0699567
0.0932236
0.147037
0.173218
0.169385
0.0613324
0.0289533
-0.0132576
-0.0313171
0.0538329
0.0464251
0.0180104
-0.00902905
-0.0148571
-0.058112
-0.0410913
-0.0342159
0.0153316
0.0340822
-0.0203707
0.00143512
0.0501618
0.0147693
-0.0525985
-0.0591668
0.0106096
0.0722718
0.00877557
0.111111
0.125596
0.0851948
0.0407962
-0.0362249
-0.0241807
0.023195
0.0829686
0.114706
0.0232131
0.107266
0.137576
0.0718065
-0.0203578
-0.0349797
0.082849
0.122728
0.0615779
-0.0245242
0.181301
0.226693
0.114319
0.00364594
-0.0367681
-0.0115014
0.0213867
-0.062139
-0.00447593
0.170594
0.131502
-0.00181901
-0.0768671
-0.0880749
-0.0870434
-0.0827166
-0.107221
-0.0557923
0.155381
0.24987
0.151701
0.0161874
0.0138115
0.0857634
0.0779525
-0.0378162
-0.0931085
0.0634233
0.0960151
0.013267
-0.0717885
-0.0664266
-0.0355211
-0.0630892
-0.157321
0.0905397
0.207334
0.0824956
0.0131614
-0.0132153
-0.00616996
-0.0016509
0.0525652
0.00960403
0.0617175
0.101152
-0.0406256
-0.0795905
-0.0882523
-0.0351724
-0.00877578
0.0365337
0.0294185
0.00271031
0.0857073
0.0384694
-0.0506814
-0.07622
-0.0130964
-0.00319476
0.0300316
-0.0655006
-0.00941424
-0.0095443
-0.0892707
-0.124043
-0.131897
-0.0872398
-0.0186404
0.0176868
-0.0184662
0.0680934
0.112297
-0.00526063
-0.0519022
-0.0730835
-0.0296845
0.00667645
0.07136
0.0627565
0.0629759
0.11203
0.00337238
-0.0580224
-0.0441379
-0.0263617
0.0203728
0.0690592
0.0394274
-0.00682147
0.0244066
-0.0491588
-0.0653985
-0.114021
-0.0797832
-0.0223053
0.0304401
-0.0241838
-0.00351506
0.00702008
-0.046683
-0.0873454
-0.0857125
-0.0581101
-0.0198848
0.0069723
-0.0228517
0.0682609
0.116715
0.0197965
-0.0106728
-0.0443354
-0.0026029
0.0359569
0.050285
0.034786
0.101267
0.0899345
-0.00878828
-0.0096645
-0.0273096
0.00537017
0.0277194
0.0361383
0.0384538
-0.0128989
-0.0050721
-0.0358311
-0.0249833
-0.0418366
-0.00568985
0.0189803
0.00047928
-0.0462012
-0.034722
-0.0217395
-0.0424972
-0.0338455
-0.01805
-0.0119278
-0.0186449
-0.0140918
-0.0494974
0.124644
0.119724
0.0208391
-0.012688
-0.0128605
0.0127302
0.00421308
0.0583218
0.0924295
0.106333
0.061717
-0.0219837
-0.0383148
-0.0301215
0.0290094
0.0128883
0.069936
0.123198
-0.040703
0.00991193
-0.0138838
-0.016659
-0.00892565
0.0090095
-0.0256319
-0.0109638
-0.0730892
-0.0341976
-0.0435629
-0.0641979
-0.078141
-0.0274489
-0.0201485
-0.0396217
-0.0196393
-0.0239897
0.085756
0.0554905
-0.0342748
-0.0234875
-0.02547
0.0372132
0.0130353
0.0645684
0.097768
0.0719421
0.0481235
-0.0463828
-0.0187331
-0.00705972
0.0100457
0.00437473
0.0552131
0.05416
-0.0150459
-0.034504
-0.0752699
-0.0937558
-0.0689302
-0.018178
-0.0413354
0.00207444
0.00297851
0.0176069
-0.00333605
-0.0790405
-0.0657845
-0.0440977
-0.0348684
-0.0767155
0.0187133
0.00724522
0.0462161
0.0420258
-0.0424802
-0.0228949
-0.0316365
-0.0299667
-0.0191471
0.0331664
0.0143724
0.036921
0.056214
-0.0332947
-0.0605661
-0.0533083
-0.0716136
-0.0383295
-0.0108177
0.0288828
0.0444442
0.0272448
-0.0729505
-0.0685837
-0.0532936
-0.0538029
-0.0625282
0.0221214
0.0106762
0.0791979
0.0758976
-0.0310414
-0.105169
-0.0877362
-0.0791628
-0.0423449
0.0156348
0.0621168
-0.00106822
0.0266703
-0.0435644
-0.0733572
-0.0364873
-0.0407309
-0.0374233
0.0139452
-0.00461911
-0.00974153
0.0156926
-0.0269902
-0.0217107
-0.0120672
-0.0213111
-0.0454616
0.0123244
-0.00381964
0.0391789
0.0753957
-0.0344894
-0.112969
-0.0778674
-0.0808239
-0.0356332
-0.00151329
0.0171359
0.0561297
0.0607654
-0.0376529
-0.0583493
-0.047296
-0.0570452
-0.0509869
0.00123498
0.0446823
-0.00744667
0.00327503
-0.0219954
-0.0518094
-0.0797891
-0.0701457
-0.0840419
-0.0271803
-0.0113115
0.0594802
0.0424574
0.00251852
-0.015889
-0.0656828
-0.048771
-0.0435415
0.00475685
0.0294921
0.0765207
0.0499744
-0.0465501
-0.0806842
-0.0997435
-0.0984377
-0.106583
0.0155595
0.0651862
0.131279
0.112271
0.0176479
-0.0420607
-0.078217
-0.0841583
-0.0616297
0.0545309
0.108639
0.0149648
0.0534083
0.0239971
-0.0244555
-0.0243282
-0.0049585
0.00152287
0.00267732
-0.0249901
-0.0591056
0.00761665
-0.00362573
-0.0655271
-0.0111586
-0.0118721
0.0141704
-0.00949869
-0.0609989
0.0790852
0.107801
0.0714005
0.00758814
-0.0181292
-0.0114072
0.0158029
0.0524773
0.0515126
0.00567073
0.0544542
0.0677148
0.00454304
0.060751
0.0643046
0.0348304
0.0463677
-0.00686098
-0.0331005
-0.0101326
0.0187468
0.0500765
0.0906349
0.110901
0.0647693
0.0165055
-0.00963352
-0.0897976
-0.107567
-0.0588735
-0.0575688
-0.0151687
-0.0235515
-0.0481139
-0.0749428
-0.0703539
0.00990811
0.0569278
0.0824905
0.113425
0.182317
0.188642
0.108908
0.0612432
0.0133249
-0.0934346
-0.08254
-0.0459957
-0.035987
0.0477341
0.0395936
-0.0354193
-0.0894836
-0.0586656
0.0191991
-0.0279378
0.015593
0.0133643
-0.0262135
0.00759863
-0.0132587
-0.010938
0.0268759
-0.036412
-0.0232468
0.0183656
0.0401351
-0.0242206
0.0172793
0.0341468
-0.0136875
-0.02756
0.0210266
-0.0309153
-0.00454854
-0.00867711
-0.0265856
0.0359022
0.0135338
-0.0174883
0.04519
0.0036458
-0.0457591
-0.00123092
4.64787e-005
-0.056896
0.00460847
0.0342392
-0.00123568
-0.0110314
0.064137
-0.0119929
-0.0459512
0.00919904
0.0420711
-0.00689935
-0.0918301
-0.064749
0.0675871
0.0764513
-0.0327213
-0.0349272
0.0534271
0.0635967
0.0659735
-0.0281535
-0.037689
0.0735026
0.0584086
-0.0314889
-0.0549972
0.0183299
0.046253
-0.0256201
-0.096913
-0.073492
0.0218451
0.0730313
-0.0705025
-0.0512411
0.0274316
0.0462094
0.0440802
-0.0265172
-0.047759
0.0532232
-0.0706453
-0.0515682
0.0575892
0.0927054
0.0778189
0.0606022
-0.0238045
-0.0835586
-0.0858822
0.00418155
0.0799448
0.126004
0.137854
0.0544664
0.0971089
0.0492334
-0.0079747
-0.0353721
-0.0867232
-0.107185
-0.0253094
0.0339065
0.083599
0.138078
0.0658124
-0.0294219
-0.0672889
-0.0277313
-0.00976387
0.0338795
0.0810609
0.0618504
0.149087
0.155694
0.123523
0.0281089
0.05842
0.0989539
0.0674457
0.0294859
-0.0430684
0.00724294
0.0386667
0.0731875
0.0586815
-0.0248159
0.0433402
0.0873922
0.0243798
-0.0240116
0.00312532
0.0991585
0.102335
0.00170598
0.045729
0.0719352
0.0363746
0.0103037
-0.0210673
0.0467573
0.0860094
0.12401
0.0650231
0.00676355
0.0765639
0.0939976
0.00297414
0.0079325
0.0410141
0.105947
0.0447585
-0.0207663
-0.0949164
0.0961823
0.190769
0.152839
0.0380825
0.102691
0.150836
0.0904811
-0.0532975
-0.156158
-0.00941836
0.0420609
0.0073947
-0.0369465
-0.00390567
0.0180657
-0.0476861
-0.161283
-0.0570495
0.0780352
0.139451
0.0771869
0.0648864
0.177703
0.210916
0.0964203
-0.0950958
-0.157597
-0.0445641
0.0311103
-0.0210664
-0.045329
0.0219984
0.0287851
-0.0480211
-0.169922
-0.0448951
0.066421
0.0546838
0.00733704
-0.032728
0.0369017
0.0205662
0.031705
-0.0654998
-0.0379926
-0.0213209
-0.0574744
-0.0749941
-0.101515
-0.0578927
-0.0284957
-0.00511081
-0.0431882
-0.05874
0.0432261
0.0505999
0.0284423
-0.0171372
0.0274009
0.0427477
0.0368525
-0.0481005
-0.0486226
0.0140861
-0.0274957
-0.0515312
-0.0823534
-0.0551491
-0.0621555
-0.0225742
-0.0325624
-0.0309482
-0.00611982
-0.010403
-0.0106548
-0.0493515
-0.00994937
0.006099
0.0270371
-0.0178715
-0.0502211
-0.0122522
-0.0174578
-0.00971782
-0.0257963
0.0071628
0.000244667
0.00270038
-0.0541834
-0.00998746
0.0400099
-0.00254395
-0.0081986
-0.0453914
9.65061e-006
-0.0241998
-0.0138277
-0.0211869
-0.0482445
-0.00433038
-0.00654441
-0.00326012
-0.022444
0.00843962
-0.0375948
-0.00105729
-0.0284178
-0.0694377
0.00311129
0.0157441
0.0486993
0.040092
0.0563161
0.0595011
0.00841986
-0.0788034
-0.107242
-0.0267331
0.0194066
0.0382057
0.0654467
0.0728294
0.0609435
-0.0126059
-0.1125
-0.0843795
-0.0174997
0.0365096
0.0538233
0.031223
0.0316444
0.00965554
0.000389394
-0.0707234
-0.106928
-0.0280072
0.0479609
0.0715778
0.0450723
0.0315827
0.0110122
-0.0470602
-0.105365
-0.123125
-0.0100623
0.0306366
0.0747168
0.115777
0.100405
0.040482
0.0101671
-0.11227
-0.106561
-0.0364336
-0.0277784
0.0150088
0.0617644
0.0166572
0.00307992
-0.00509282
-0.11046
-0.103409
0.00147146
0.0386423
0.100047
0.0987114
0.0632523
0.0126088
-0.0106591
-0.088848
-0.0971335
-0.00190005
0.0131501
0.0333069
0.0585005
0.00877307
-0.0358071
-0.0286145
-0.0894328
-0.081739
-0.0178946
-0.0233785
-0.0316333
-0.00486104
0.000201616
-0.0267742
0.0236117
-0.0620993
0.0113796
0.0496624
-0.0106818
-0.0169543
0.00447543
-0.00839411
-0.0264722
0.0556251
-0.0142989
-0.028418
0.0258233
-0.0156288
0.00415032
0.00341575
-0.0213144
-0.0237389
0.0176881
-0.0585784
0.0198794
0.0534016
-0.0156446
-0.0129143
-0.00206277
-0.0296155
-0.0210685
0.0464906
0.0280917
-0.00486079
0.0490854
-0.0435094
-0.0455105
-0.0339499
-0.0327205
-0.0497761
0.0282454
-0.0155195
0.0641919
0.0961323
-0.0110502
-0.0812915
-0.0552859
-0.0509359
-0.0331452
0.0517828
0.0618306
-0.00404322
0.0398586
-0.0483654
-0.0472365
-0.0459522
-0.0643346
-0.0539614
0.0278763
0.00825597
0.0384651
0.0809978
-0.021871
-0.0403849
-0.0546931
-0.0819578
-0.00432784
0.0612236
0.0519287
0.0129462
0.0780499
-0.0377046
-0.0929458
-0.0483716
-0.066269
-0.0462368
0.0266197
0.0167333
0.0107522
0.0501042
-0.0539568
-0.0465121
-0.0349272
-0.0471213
-0.0554959
0.0167861
0.00772475
0.0147638
0.0386025
-0.0413486
-0.0671194
-0.0463601
-0.089216
-0.0440241
0.0744381
0.0260514
0.0273161
0.028677
-0.0352456
-0.0296047
-0.0340772
-0.0722558
-0.0743171
0.0514524
0.0510403
0.0159534
0.0243339
-0.0492793
-0.067107
-0.0771555
-0.0854449
-0.0824974
0.00735599
0.0473745
0.0877371
0.0906175
-0.0174663
-0.066667
-0.0928881
-0.0719731
-0.0438298
0.0637389
0.105563
0.0490078
0.0086681
-0.0724279
-0.0642336
-0.0796421
-0.112203
-0.0601055
0.0356048
0.0274978
0.106556
0.0727545
-0.0362232
-0.0516346
-0.0681499
-0.0801765
-0.00297938
0.094037
0.0908277
0.0211585
0.0585318
0.0148187
-0.0308185
-0.052969
-0.0332742
-0.00737993
0.0540216
0.0441711
-0.0343346
0.0165245
0.0263447
0.0127586
0.0625158
0.0404739
0.0162906
0.0211478
-0.0242478
0.0513264
0.058323
-0.00413184
-0.0257231
-0.0409113
-0.0145939
0.0232999
0.0734286
0.0375414
-0.0073741
0.0121842
0.0308122
0.0463755
0.0633534
0.000267825
0.0212733
0.0197519
0.00407524
-0.0259561
0.0189507
0.0390412
0.10638
0.202668
0.17358
0.0461909
0.00776143
-0.019776
-0.125447
-0.110608
-0.0599806
-0.0446252
0.0421272
0.0158582
-0.0345402
-0.105181
-0.090643
-0.0106447
0.0202822
0.0430373
0.152194
0.185481
0.096677
0.0427593
0.0213576
0.0039105
-0.108943
-0.0930324
-0.0441476
-0.0201045
0.0382883
-0.0379329
-0.0706853
-0.111438
-0.117729
0.000678827
-0.0276647
0.0157744
0.010078
-0.0157759
0.0411449
0.034426
-0.0120712
0.0225803
0.00447339
-0.0179601
0.0152367
0.00157826
-0.0568698
0.00218093
0.016402
-0.010458
-0.017418
0.00853116
-0.0102717
0.05057
0.0479356
0.0028149
0.016051
-0.00519848
-0.0229934
-0.00205087
-0.0253893
-0.00801064
0.0402596
0.0191866
-0.0403877
-0.00837353
-0.0199475
-0.0305318
-0.0229822
0.0642345
-0.00574291
-0.0192212
0.0179657
0.0460837
0.00875499
-0.0259005
-0.0157528
0.0403839
0.070726
-0.0397173
-0.0283201
0.0266369
0.00186279
0.0432104
0.00874196
-0.0107324
0.0796577
0.0090718
-0.033419
-0.0269623
0.0451271
0.0481011
0.0591966
-0.0089645
-0.0490446
0.0209915
0.0466449
-0.055883
-0.0557604
0.0289176
0.0127786
0.0443249
0.0208261
-0.0235749
0.07382
-0.0437434
-0.0955762
-0.0550102
-0.0109305
0.0509831
0.131318
0.122814
0.050593
0.0145604
0.0680878
-0.0107392
-0.0104134
0.0253247
0.0293493
0.170131
0.214572
0.222242
0.140302
-0.0423751
-0.117958
-0.097852
-0.0426514
-0.0108452
0.0305774
0.0406816
-0.0365069
0.00970652
0.0413073
-0.0573819
-0.0674722
-0.0188404
-0.0163396
0.0531987
0.0801953
0.0844683
0.0789635
0.0915606
0.0912361
0.0189953
-0.018863
-0.0414655
0.0282106
0.0800249
0.139633
0.116582
0.0695204
0.13734
0.0920257
-0.0286667
-0.0151995
0.0927337
0.127747
0.096575
0.0338232
0.0417836
0.0173103
-0.03726
-0.0429934
-0.0506591
-0.0349461
0.0195669
0.0329952
0.0503036
0.0209282
0.0669887
-0.009296
-0.0489997
-0.0488342
0.0234583
0.0572919
0.00394463
0.00511629
-0.0495768
0.0772411
0.062913
-0.00519559
-0.00147466
0.161886
0.251462
0.173135
-0.0660913
-0.159574
-0.05205
-0.0383468
-0.0781269
-0.0886874
0.0139848
0.115649
0.0985754
-0.0985889
-0.0720366
0.0281848
-0.0133795
-0.0517357
-0.0244341
0.120318
0.224152
0.15778
-0.0148749
-0.113663
-0.0871634
-0.101757
-0.108019
-0.0996944
-0.00917766
0.139242
0.157896
0.00362099
-0.0760714
0.0262473
0.000182408
-0.0155572
-0.0709966
-0.0397868
0.0384412
0.106642
0.00436193
-0.0244764
0.0309773
-0.0370786
-0.0674874
-0.0937843
-0.0861117
-0.06768
0.0135061
-0.0120888
-0.00506991
0.00767473
-0.00766015
-0.0183714
-0.015085
-0.00325327
0.085763
0.212708
0.0916797
0.0166782
0.0190178
0.00303184
-0.0251809
-0.0477815
-0.0496447
-0.0623699
0.10038
0.0560346
-0.0216262
0.0390358
-0.0425172
-0.0522457
-0.0906828
-0.0465923
-0.0562496
0.0281568
0.00965064
-0.0209373
0.00295483
-0.0420377
-0.0574813
-0.0920038
-0.0642048
-0.0610911
0.00492599
0.0162844
0.0601971
0.0644311
0.00151807
-0.0118929
-0.050502
-0.0320784
-0.0378897
0.112858
0.0731384
0.0456475
0.0475556
-0.00179064
-0.0200206
-0.0372695
-0.0388516
-0.0224236
0.093323
0.0788493
-0.0406604
-0.00146195
0.0156405
0.018184
-0.0384382
-0.0393545
-0.0510428
-0.00228351
-0.00140331
-0.0689382
-0.00894943
-0.0119326
0.0103764
-0.0446496
-0.0622565
-0.0611426
-0.0285992
-0.0348032
0.0555764
0.0524285
0.0221316
0.0197778
-0.0234061
-0.0148604
-0.0243026
0.103255
0.0910894
0.0368234
0.0296675
0.0322688
0.017451
-0.0228748
-0.0339431
-0.0255785
0.0871703
0.100823
-0.0622053
-0.00346046
-0.015551
0.0290042
-0.0335956
-0.0446045
-0.0392974
0.0112976
-0.0234768
-0.0497737
-0.000617375
-0.0303477
-0.0112455
-0.0219174
-0.067132
-0.0721114
-0.0101564
-0.0532523
0.0676641
0.0462756
0.0112106
0.0157883
-0.00437974
-0.0227475
0.0178522
0.108206
0.126193
0.0937852
0.0539002
0.00738502
0.0159135
0.0139966
-0.0200532
-0.0130758
0.0794861
0.103729
-0.00120885
0.0164094
-0.0238156
-0.0115239
-0.0508686
-0.0809221
-0.0807647
-0.00270366
-0.0283797
0.0072013
0.0147433
-0.0712981
-0.0307218
-0.0374618
-0.074004
-0.0865296
-0.00658792
0.00382247
0.0632198
0.040693
0.0116983
0.0351021
0.0209563
-0.0285251
-0.0382661
0.0379335
0.0910529
0.0255943
0.0265529
-0.00701163
0.0137054
0.0228452
-0.0372457
-0.0645922
0.0188411
0.0702489
0.0219596
0.0331012
-0.0527743
-0.0595859
-0.0541822
-0.0800827
-0.0700642
0.0220815
0.0375114
0.0421118
0.0323484
-0.0518371
-0.0691371
-0.0867663
-0.109407
-0.0277343
0.06648
0.0615432
0.0304772
0.0129371
-0.0328215
-0.035632
-0.025538
-0.0563262
-0.0512231
0.0285182
0.0640399
0.0337983
-0.00244159
-0.0621009
-0.0592524
-0.0533948
-0.0769569
-0.024467
0.0362633
0.0442039
0.0024067
0.0190763
-0.0433671
-0.0615884
-0.0913032
-0.102104
-0.0404269
0.0913565
0.0416892
0.0537356
0.0264366
-0.0414472
-0.0324718
-0.0732792
-0.0868436
-0.0540043
0.0644044
0.0595105
-0.00401947
-0.0143597
-0.0589682
-0.0239229
-0.0346107
-0.0845546
-0.0343162
0.014821
0.000775669
0.0349632
-0.0228195
-0.061652
-0.0172024
0.00876662
-0.0513847
-0.0344313
0.0184076
0.0196156
0.0553144
0.0335854
-0.06828
-0.0645401
-0.111131
-0.089423
-0.0359162
0.0573248
0.0751481
0.108045
0.0577006
-0.0389777
-0.0546913
-0.0605575
-0.0207728
0.0316343
0.106291
0.108912
-0.0117845
-0.0657663
-0.0878928
-0.052946
-0.0699618
-0.0596087
-0.024158
0.0119964
-0.00519307
0.00857376
-0.0354069
-0.0619539
-0.0364671
-0.0332159
-0.0153399
0.0125393
0.0374739
0.0299435
0.0582562
0.0698353
0.0232563
-0.010828
-0.00604773
0.0372792
0.0832636
0.120829
0.0739233
-0.00832293
0.0575501
0.0408246
0.0312201
0.039323
0.0215224
0.0785642
0.0599741
0.0237362
-0.0141633
0.0234302
0.00484518
-0.00741602
-0.0176351
-0.0115698
0.0389099
0.0600975
0.00443758
-0.0596423
0.011363
0.00903502
-0.00118022
0.0147743
-0.0191263
0.0084213
-0.00162092
-0.047566
0.0324075
0.0727618
0.0826433
0.139002
0.150873
0.0949882
0.0992877
0.0628345
0.0263025
-0.0394594
-0.0548945
-0.035245
0.0151754
0.0300675
-0.0438161
-0.0463173
-0.0610035
-0.0592092
-0.0106264
0.0287451
0.052913
0.102431
0.0917359
0.0509667
0.0432298
0.0112998
-0.019965
-0.0561801
-0.0674707
-0.0561708
-0.00440965
-0.0257069
-0.0417705
-0.0626638
-0.0892536
-0.077151
0.0190467
0.00118857
0.0286947
0.0558508
-0.0143774
0.00391276
-0.0202739
-0.0170932
-0.000484426
-0.0409317
0.00316594
0.044176
0.0368869
-0.0373123
0.0111966
-0.0151582
-0.0474008
-0.0248684
0.0376028
-0.00467107
-0.00501383
0.0378775
-0.0115995
0.0226784
-0.00558644
-0.0114991
0.0415957
-0.0319812
-0.00978198
0.020329
0.0208621
-0.00752708
0.0207182
0.0129552
-0.0205821
-0.0268758
0.0210235
-0.0398251
-0.0193812
0.0445765
0.0427189
0.0308739
-0.0261105
-0.0530748
0.0172301
0.0553875
-0.02793
-0.0250021
0.0133428
-0.00789309
-0.00386041
-0.0187924
-0.0412001
0.0620497
0.0217165
-0.0270279
-0.0217551
0.0483938
0.0737592
0.0437644
-0.0282999
-0.0371883
0.0428767
0.0737981
0.016098
0.0130564
0.0386054
0.0232145
0.0336467
0.00199198
-0.0257911
0.0708307
0.0243744
-0.0632524
-0.0464391
0.0286595
0.0263163
0.0125915
0.0240592
-0.0315712
0.0375085
0.0395254
-0.041359
-0.0441245
0.0384889
0.0071676
0.0148978
0.014864
-0.00196262
0.0723121
0.0408335
-0.00732998
-0.0437008
0.028218
0.0315815
0.0272736
-0.00632433
-0.0184439
0.0295875
0.0298025
0.00981214
-0.00659877
0.0479022
0.0416936
0.0189435
-0.0357199
-0.0166441
0.0245584
0.0246356
0.00974488
-0.00576085
0.024603
0.0133955
0.00219981
-0.00515193
-0.0206125
0.0133466
0.0044582
0.063415
0.0367997
0.0049706
0.00861946
0.0264994
0.0147113
-0.0116636
-0.0194906
-0.00697232
-0.0025974
0.00828849
0.0221594
0.0290296
0.0377097
-0.0328049
-0.0399147
-0.0281658
-0.0122315
0.0335715
0.0373035
0.00671984
0.0268753
0.0244907
0.00151986
-0.0312385
-0.0352989
-0.0591531
0.0500676
0.0518193
0.0020516
0.00848625
0.033479
0.0904086
0.0753114
-0.033434
-0.0718586
-0.0302467
-0.0242279
-0.0310285
-0.0582884
-0.0220268
0.0716072
0.131054
0.00675564
-0.0369334
0.0331712
0.0245106
-0.00261879
0.0327372
-0.0155814
0.00670368
0.00541838
-0.0584523
-0.0511489
-0.0173484
-0.0224299
-0.0340315
-0.0342066
-0.049555
-0.0119604
0.0395031
-0.0203248
-0.0322669
0.00171637
-0.0284111
0.00219113
-0.0218195
-0.0305599
0.0269936
0.164432
0.0617267
-0.0385827
-0.00617158
-0.0405225
-0.0306251
-0.0190568
-0.0414723
-0.069594
0.101529
0.0439652
-0.0177359
0.00455903
-0.0231802
-0.00725244
-0.030607
-0.0410143
-0.00315399
0.0745724
0.0479831
-0.0126711
0.0270538
-0.0331001
-0.0505102
-0.0236925
-0.08963
-0.0689632
0.0162143
0.0352751
-0.0207043
0.0288356
-0.0201313
0.00564607
-0.0040607
-0.00653053
-0.0385831
0.103895
0.0374578
-0.0175244
0.0116146
-0.0345633
-0.0343575
-0.00907957
-0.0112683
-0.0349912
0.0663203
0.00456597
0.0195532
0.0513964
-0.0265117
-0.00343938
-0.00322785
-0.0204483
-0.0348325
0.0329457
0.0251634
-0.00509183
0.0109202
-0.0623274
-0.0408574
-0.0028895
-0.0162337
-0.0175725
0.0168754
0.0279238
-0.00505246
0.0220004
0.00530947
-0.00603997
0.0198756
0.0159021
-0.0164019
0.0794625
0.0174174
-0.0070126
0.00129277
0.00300846
-0.0288942
-0.00554425
0.00302562
-0.00753416
0.0626109
0.0378278
0.00652503
0.022773
-0.0240548
-0.0218474
0.0279107
0.0127441
-0.018421
0.0111954
0.00976747
-0.0042736
-0.00448721
-0.0269184
-0.0508356
-0.0119854
-0.02336
-0.0126184
-0.000964589
-9.98603e-005
-0.00240811
0.0163835
0.000306009
0.00302552
-0.000233758
0.00428834
0.00151807
0.0832162
0.070607
0.02622
0.00322678
-0.00238626
0.0313911
0.0229261
0.00291227
-0.0114196
0.0681405
0.0391078
0.029032
0.016957
-0.0277074
-0.0319319
-0.0192844
-0.0125658
-0.00683253
0.00579018
0.013513
0.00305916
0.00510142
-0.00705503
-0.0178449
-0.00825621
-0.0309473
-0.0357186
0.0095534
0.0153558
-0.00366299
-0.0080887
0.00490218
0.057507
0.0683094
0.0169325
-0.00185186
0.0367026
0.00785595
-0.0368223
-4.03068e-006
-0.0191328
0.0368598
0.0599713
0.0163156
-0.0201942
-0.00801483
0.00742089
-0.0140418
-0.00398032
-0.0266102
0.0121235
0.0308247
-0.0139038
-0.0276753
-0.00623847
-0.00695729
-0.0526764
-0.0470678
-0.063057
0.00396217
0.036039
0.00683166
-0.0258962
-0.0105125
-0.0316393
-0.0381047
0.00139714
-0.0252808
0.00728739
0.0382276
0.0101293
-0.025656
0.0229032
0.0323475
-0.0144822
-0.0174083
-0.0460087
-0.0100371
0.0124512
-0.0105142
-0.0113248
0.0316042
0.015151
-0.0647033
-0.0372614
-0.0475522
0.00522673
0.0229153
0.00774503
-0.0430023
-0.0231352
-0.025982
-0.0540039
-0.0243616
-0.00982478
-0.0110189
0.00440244
-0.0137172
-0.0639868
-0.0251552
-0.021882
-0.0208049
0.0123993
-0.0152201
0.0246203
0.0385143
-0.00801284
0.00491372
0.0129774
-0.00625536
-0.00703258
-0.0126304
-0.0152315
0.0205192
0.0592429
0.0150823
-0.0165648
0.00869842
-0.0118191
-0.068068
-0.00322732
-0.0100628
-0.00234122
0.0142416
-0.00845653
-0.0491388
-0.0137039
-0.0421503
-0.0596504
-0.0149857
-0.0441954
-0.0195495
-0.000745575
0.0142704
-0.0479475
-0.0407745
-0.0389257
-0.0148858
-0.0146909
-0.029098
0.0134118
0.0125091
0.0208807
0.00910143
0.0409636
0.021765
-0.002602
0.00963074
0.013076
0.0246404
-0.00229051
0.0250295
0.046287
0.0492034
0.0142372
-0.0316567
-0.0150231
-0.0583569
-0.026525
-0.00750401
0.0158872
-0.0228478
-0.0313659
-0.0229635
-0.0377141
-0.0235267
-0.0179883
-0.0432057
-0.0223324
-0.000960207
-0.00653677
-0.00966683
-0.0221525
0.0089189
0.0714295
0.0753299
0.0665801
0.0423435
0.0549615
0.0579787
0.0616862
-0.002058
-0.0265963
0.0651154
0.0697272
0.0659028
0.0387877
0.0361475
0.0199255
0.0177886
-0.0235924
-0.0237999
0.0201514
0.0291604
-0.0197568
-0.0259245
0.0230065
0.00468263
0.00532593
-0.0482852
-0.0487302
-0.0121263
0.00935047
-0.016139
-0.0331068
-0.0171893
-0.0395678
-0.049762
-0.0589352
0.00782801
0.0548366
0.0684546
0.0871731
0.0747827
0.0530065
0.0245557
-0.00239797
-0.00857127
-0.0398394
-0.0295432
-0.0228045
0.0292668
-0.0198168
0.0030376
-0.0397131
-0.0722396
-0.0590661
0.00935114
0.00977483
0.0283122
0.00338531
0.0153915
-0.0136611
0.00455893
-0.0426554
-0.0135478
0.00611077
-0.0466671
-0.0359316
-0.0162864
-0.0479057
-0.0263555
-0.0200683
-0.0582658
-0.0101163
0.0226584
-0.0210431
0.0090332
0.0241606
-0.0229688
0.0111039
-0.0121412
-0.0430703
0.0158228
-0.053808
-0.0416937
-0.00181296
-0.00638433
-0.0153711
0.0320488
0.00861276
-0.0392236
-0.0247305
0.0425036
-0.0222149
-0.00111773
0.0237598
-0.0301073
0.0367323
0.00447758
-0.0453588
0.0321227
0.00296403
-0.0303136
-0.00488384
0.0124573
-0.0140937
0.0397096
-0.000663561
-0.0423672
0.0111714
-0.00302525
-0.0535866
-0.0480496
0.0251028
0.0725425
0.0471382
-0.0352409
-0.0440089
0.0136048
0.00400118
-0.0262519
-0.0161182
0.0197375
0.0117959
0.0369381
-0.0158871
-0.0389269
0.0237906
0.0675812
-0.0182176
-0.0396152
0.0356274
0.0123466
0.0665456
-0.0105529
-0.00955485
0.0550015
0.094363
-0.00664052
-0.0301842
0.0365788
-0.0542109
0.0368196
-0.000638098
0.00113058
0.100988
0.00359038
-0.00692713
-0.00399639
0.0212191
0.0387444
0.0262581
0.00173105
-0.0325104
0.00475589
0.0291572
0.00291179
-0.00466727
0.0345256
0.0322731
0.0329785
-0.0183231
-0.031439
0.0199294
0.0661552
-0.00267986
0.00148425
0.0348116
-0.0348269
0.0345493
0.0210695
-0.000429718
0.0426074
0.061805
0.0411261
0.0268518
0.0200463
-0.0491503
0.054202
0.017914
-0.00289966
0.0410657
-0.00815276
0.0158785
-0.00218598
0.0332283
0.0281372
0.029619
-0.0122698
-0.0407079
-0.0194698
-0.00978345
0.0317109
-0.00457272
0.0020325
0.0317547
-0.00720753
-0.00363503
-0.0275207
-0.0328516
0.0295851
0.0313479
0.0167859
0.037337
-0.0565194
0.0554105
0.022333
0.00901891
0.0301222
0.0529974
0.0405093
0.023636
0.0381317
-0.0592021
-3.82576e-005
0.0199326
0.0153891
0.0263683
-0.013641
0.0250014
0.00378862
0.00227347
0.0285213
-0.00981133
-9.73449e-005
0.00476181
-0.0470083
-0.0115082
-0.00334736
-0.009983
-0.0138461
-0.00389638
-0.0226083
-0.0362308
-0.0211077
-0.0313771
0.0424545
0.0254518
0.0162741
0.0486234
-0.051575
0.0107464
0.00176905
0.0229045
0.0162716
-0.0189955
0.000809962
-0.0122311
0.0170992
-0.073487
-0.0113375
-0.0497871
-0.0115575
-0.0298318
0.00785026
0.0535835
0.0301217
0.0189305
0.0343243
-0.00725438
-0.0102698
0.0231858
2.56189e-005
-0.00879692
0.0373679
-0.00851236
-0.00689208
0.0398472
-0.0414314
-0.0690828
-0.0434429
-0.0179354
-0.0197426
0.0283401
0.0221905
0.0428953
-0.0182975
0.039791
-0.00644318
0.0215395
-0.0125016
-0.0234249
-0.0124356
-0.041539
-0.00412566
-0.0125673
0.0213807
-0.0543777
-0.0461165
-0.0281797
-0.0134445
0.0379795
-0.00819101
0.0358775
0.052383
-0.0103655
-0.0384312
-0.0172841
0.0108419
-0.0206375
-0.011001
-0.0403427
0.0179132
0.0463185
0.00670877
-0.0318724
-0.013461
0.00269804
0.00187219
0.0255806
-0.0233996
0.0263007
-0.00863909
0.0321403
-0.0511876
-0.0606992
-0.0483262
-0.00258248
-0.00193889
-0.0390613
0.0130801
-0.0344635
0.012776
-0.0540185
-0.0674753
-0.046019
0.0150787
0.0210145
-0.00974884
0.021802
0.0786935
0.0443997
-0.0106388
-0.00656079
-0.00180372
-0.00532981
0.00314788
-0.0465736
0.000801398
0.0244363
0.00492687
-0.0397808
-0.0374586
-0.0317847
0.0229861
0.0121926
-0.0294813
0.0123557
-0.0274037
0.0751296
-0.0194097
-0.0179785
-0.032509
-0.0132005
0.00722547
-0.0546899
-0.00338992
-0.038718
0.0469014
-0.035501
-0.0384118
-0.046746
0.0356396
0.0387838
-0.0102278
0.0235342
0.0364518
0.0218089
-0.0093321
0.00174346
0.00697491
0.000545149
0.0158274
-0.0158524
-0.00538394
0.019633
-0.00764148
-0.0320348
-0.0178764
-0.00107811
0.014106
0.0356204
-0.0417686
0.0335682
-0.0193
0.0474555
-0.0228897
-0.0152905
-0.0211069
-0.0141435
0.00470182
-0.0431542
0.023507
-0.0406557
0.00498801
-0.0398521
-0.0521009
-0.0345677
-0.000898067
0.0164431
-0.00541157
0.0111031
0.012589
0.0126925
-0.00861394
-0.010522
-0.00143304
-0.013902
-0.0152904
-0.0325159
-0.0147618
0.0242975
0.0253254
-0.00637134
-0.00935001
-0.0267117
0.00147178
-0.0110802
-0.0194464
0.027349
-0.0431446
0.0321634
-0.0162513
-0.0476326
-0.04157
0.0191402
-6.24182e-005
-0.0248628
-0.00152948
-0.0521975
0.0328064
-0.0436046
-0.0122214
-0.00941947
-0.00277369
0.00877763
-0.0238441
0.00322107
0.00724485
0.0432444
-0.0178412
-0.0239693
0.00123758
-0.00655957
0.0274152
0.000733916
-0.0159584
0.0127422
0.00220353
-0.0601456
-0.0389376
-0.0260099
0.0265426
0.0131111
-0.026005
0.0113833
-0.0684134
0.0366707
-0.0529595
-0.0317244
0.0028956
-0.0170353
0.00565594
-0.0366706
-0.016889
-0.0819773
-0.0171553
-0.072531
-0.0649904
-0.0170863
-0.0215713
0.0256484
0.0112499
0.0154735
0.0348044
0.0314925
-0.0105067
-0.0031829
-0.0221319
-0.0364506
0.00568917
-0.0241263
-0.0124851
0.0366418
0.0489275
-0.000674151
-0.00868716
-0.0222735
-0.0433117
-0.0161342
-0.0313316
-0.0068891
-0.0415938
0.012582
-0.017417
-0.0365885
-0.0353807
-0.039214
-0.0309719
-0.04367
-0.0389563
-0.0590641
0.0299115
-0.0066227
-0.0295511
-0.015374
-0.00201316
0.0132913
-0.0135807
-0.0112763
0.0389957
0.0445916
0.00817804
-0.00434584
-0.0175575
-0.0106257
0.00390495
0.00887405
-0.00606103
0.015101
0.0396564
0.0155193
-0.0094346
-0.0255908
-0.00253229
0.0140167
-0.0313325
-0.0256451
-0.0719868
0.0356035
0.008583
-0.0219585
-0.0327267
-0.0132971
0.0328162
-0.00378466
0.00631679
-0.0737595
0.0218422
-0.0040169
-0.0165057
-0.0393369
-0.019089
0.0333576
0.0434802
0.0301032
0.0342369
0.0645899
0.0366789
0.020289
-0.0240021
-0.0356909
0.00351914
0.025678
0.0110006
0.0187602
0.0279053
0.0120767
0.0194755
-0.00603356
-0.028853
0.030197
0.00922002
0.0218792
-0.044591
0.064308
0.0172433
8.97249e-005
-0.0362464
-0.0409344
0.00679812
0.00963502
0.00692343
-0.0298114
0.0361014
0.0227753
0.00362753
-0.036118
-0.00505362
0.00178002
0.00856762
-0.00057724
0.0266198
-0.00800927
0.0133048
0.0222805
0.0114827
-0.00409875
-0.0262693
-0.026564
-0.00355146
-0.0258988
-0.00109414
0.0218058
-0.0228892
-0.00691052
-0.00949047
0.0126057
0.00327014
-0.00846892
-0.0217343
0.0179073
0.0245992
0.0338868
0.027603
-0.00806887
-0.0252315
-0.0179095
0.00298413
-0.0736393
0.00446667
0.0109818
-0.00712582
0.0167907
-0.00338727
-0.0306592
-0.0284463
0.00473297
-0.0355683
0.0273219
0.00104738
-0.0524286
0.00105891
-0.0015641
-0.0221309
-0.0102366
-0.00235132
-0.0361377
0.0123613
-0.0180799
-0.0607913
-0.00553924
0.058042
-0.0186209
-0.0232812
0.00388849
-0.105391
0.029669
0.0158726
-0.0208687
0.0445684
0.069948
0.00859813
0.000557304
-0.0266954
-0.10129
0.0299193
0.0194976
-0.0457744
0.0336068
-1.79118